1	1	1	24	1
2	1	1	25	1
3	1	1	20	1
4	1	1	15	1
5	1	1	-14	2
6	1	1	1500	2
7	1	1	25	2
8	1	1	-8	2
9	1	1	-9	2
10	1	1	10	2
11	1	1	5	2
12	1	1	4	2
13	1	1	300	2
14	1	1	-25	2
15	1	1	20	2
16	1	1	15	2
17	1	1	-19	2
18	1	1	-14	2
19	1	1	-18	2
20	1	1	-17	2
21	1	1	2200	2
22	1	1	23	2
23	1	1	2200	2
24	1	1	2300	1
25	1	1	-24	1
26	1	1	-25	1
27	1	1	9	1
28	1	1	4	1
29	1	1	10	1
30	1	1	5	1
31	1	1	3	1
32	1	1	7	1
33	1	1	2200	1
34	1	1	17	1
35	1	1	12	1
36	1	1	-7	1
37	1	1	2	1
38	1	1	-24	1
39	1	1	19	1
40	1	1	14	1
41	1	1	13	1
42	1	1	8	1
43	1	1	-7	1
44	1	1	6	1
45	1	1	1	1
46	1	1	1600	1
47	1	1	11	1
48	1	1	2100	1
49	1	1	16	1
50	1	1	21	1
51	1	1	22	1
52	1	1	-21	1
53	1	1	-22	1
54	1	1	-24	1
55	1	1	-25	1
56	1	1	-15	1
57	1	1	-8	1
58	1	1	-3	1
59	1	1	-4	1
60	1	1	-18	2
61	1	1	-19	2
62	1	1	-9	2
63	1	1	-7	2
64	1	1	-16	2
65	1	1	11	2
66	1	1	-10	2
67	1	1	-5	2
68	1	1	-4	2
69	1	1	0	0
70	1	1	0	0
71	1	1	0	0
72	1	1	0	0
73	1	1	0	0
74	1	1	0	0
75	1	1	0	0
76	1	1	0	0
77	1	1	0	0
78	1	1	0	0
79	1	1	0	0
80	1	1	0	0
81	1	1	0	0
82	1	1	0	0
83	1	1	0	0
84	1	1	0	0
85	1	1	0	0
86	1	1	0	0
87	1	1	0	0
88	1	1	0	0
89	1	1	0	0
90	1	1	0	0
91	1	1	0	0
92	1	1	0	0
93	1	1	0	0
94	1	1	0	0
95	1	1	0	0
96	1	1	0	0
97	1	1	0	0
98	1	1	0	0
99	1	1	0	0
100	1	1	0	0
101	1	1	0	0
102	1	1	0	0
103	1	1	0	0
104	1	1	0	0
105	1	1	0	0
106	1	1	0	0
107	1	1	0	0
108	1	1	0	0
109	1	1	0	0
110	1	1	0	0
111	1	1	0	0
112	1	1	0	0
113	1	1	0	0
114	1	1	0	0
115	1	1	0	0
116	1	1	0	0
117	1	1	0	0
118	1	1	0	0
119	1	1	0	0
120	1	1	0	0
121	1	1	0	0
122	1	1	0	0
123	1	1	0	0
124	1	1	0	0
125	1	1	0	0
126	1	1	0	0
127	1	1	0	0
128	1	1	0	0
129	1	1	0	0
130	1	1	0	0
131	1	1	0	0
132	1	1	0	0
133	1	1	0	0
134	1	1	0	0
135	1	1	0	0
136	1	1	0	0
137	1	1	0	0
138	1	1	0	0
139	1	1	0	0
140	1	1	0	0
141	1	1	0	0
142	1	1	0	0
143	1	1	0	0
144	1	1	0	0
145	1	1	0	0
146	1	1	0	0
147	1	1	0	0
148	1	1	0	0
149	1	1	0	0
150	1	1	0	0
151	1	1	0	0
152	1	1	0	0
153	1	1	0	0
154	1	1	0	0
155	1	1	0	0
156	1	1	0	0
157	1	1	0	0
158	1	1	0	0
159	1	1	0	0
160	1	1	0	0
161	1	1	0	0
162	1	1	0	0
163	1	1	0	0
164	1	1	0	0
165	1	1	0	0
166	1	1	0	0
167	1	1	0	0
168	1	1	0	0
169	1	1	0	0
170	1	1	0	0
171	1	1	0	0
172	1	1	0	0
173	1	1	0	0
174	1	1	0	0
175	1	1	0	0
176	1	1	0	0
177	1	1	0	0
178	1	1	0	0
179	1	1	0	0
180	1	1	0	0
181	1	1	0	0
182	1	1	0	0
183	1	1	0	0
184	1	1	0	0
185	1	1	0	0
186	1	1	0	0
187	1	1	0	0
188	1	1	0	0
189	1	1	0	0
190	1	1	0	0
191	1	1	0	0
192	1	1	0	0
193	1	1	0	0
194	1	1	0	0
195	1	1	0	0
196	1	1	0	0
197	1	1	0	0
198	1	1	0	0
199	1	1	0	0
200	1	1	0	0
1	1	2	20	1
2	1	2	15	1
3	1	2	10	1
4	1	2	400	1
5	1	2	2200	1
6	1	2	1200	1
7	1	2	13	1
8	1	2	24	1
9	1	2	-20	1
10	1	2	25	1
11	1	2	-24	1
12	1	2	19	1
13	1	2	18	1
14	1	2	23	1
15	1	2	8	1
16	1	2	24	2
17	1	2	25	2
18	1	2	20	2
19	1	2	15	2
20	1	2	10	2
21	1	2	-10	2
22	1	2	5	2
23	1	2	4	2
24	1	2	3	2
25	1	2	2	2
26	1	2	-7	2
27	1	2	-8	2
28	1	2	-13	2
29	1	2	-18	2
30	1	2	23	2
31	1	2	22	2
32	1	2	21	2
33	1	2	16	2
34	1	2	11	2
35	1	2	6	2
36	1	2	1	2
37	1	2	-7	2
38	1	2	-8	2
39	1	2	-18	2
40	1	2	-12	2
41	1	2	-17	2
42	1	2	-22	2
43	1	2	-16	2
44	1	2	-11	2
45	1	2	-14	2
46	1	2	-15	2
47	1	2	-10	2
48	1	2	-5	2
49	1	2	-4	2
50	1	2	-3	2
51	1	2	-20	2
52	1	2	-25	2
53	1	2	-23	1
54	1	2	-24	1
55	1	2	-25	1
56	1	2	-15	1
57	1	2	9	1
58	1	2	4	1
59	1	2	500	1
60	1	2	-4	1
61	1	2	5	1
62	1	2	1700	1
63	1	2	-18	1
64	1	2	17	1
65	1	2	1200	1
66	1	2	700	1
67	1	2	600	1
68	1	2	1200	1
69	1	2	-13	1
70	1	2	-18	1
71	1	2	-23	1
72	1	2	-19	1
73	1	2	2200	1
74	1	2	21	1
75	1	2	-21	1
76	1	2	1600	1
77	1	2	11	1
78	1	2	16	1
79	1	2	-16	1
80	1	2	-11	1
81	1	2	600	1
82	1	2	100	1
83	1	2	7	1
84	1	2	600	1
85	1	2	-7	1
86	1	2	12	1
87	1	2	22	1
88	1	2	-11	1
89	1	2	6	1
90	1	2	-11	1
91	1	2	-12	1
92	1	2	-13	1
93	1	2	-18	1
94	1	2	-22	1
95	1	2	-19	1
96	1	2	14	1
97	1	2	-9	1
98	1	2	-10	1
99	1	2	-15	1
100	1	2	-20	1
101	1	2	-7	1
102	1	2	-8	1
103	1	2	3	1
104	1	2	200	1
105	1	2	100	1
106	1	2	-11	1
107	1	2	100	1
108	1	2	-9	1
109	1	2	-8	1
110	1	2	1	1
111	1	2	999	1
112	1	2	-21	1
113	1	2	-16	1
114	1	2	-6	1
115	1	2	-7	1
116	1	2	-18	1
117	1	2	200	1
118	1	2	-8	1
119	1	2	-9	1
120	1	2	-14	1
121	1	2	-15	1
122	1	2	-20	1
123	1	2	-4	1
124	1	2	2	1
125	1	2	-24	2
126	1	2	-25	2
127	1	2	-14	2
128	1	2	-10	2
129	1	2	-4	2
130	1	2	-3	2
131	1	2	-2	2
132	1	2	-12	2
133	1	2	-11	2
134	1	2	-16	2
135	1	2	-21	2
136	1	2	-22	2
137	1	2	0	0
138	1	2	0	0
139	1	2	0	0
140	1	2	0	0
141	1	2	0	0
142	1	2	0	0
143	1	2	0	0
144	1	2	0	0
145	1	2	0	0
146	1	2	0	0
147	1	2	0	0
148	1	2	0	0
149	1	2	0	0
150	1	2	0	0
151	1	2	0	0
152	1	2	0	0
153	1	2	0	0
154	1	2	0	0
155	1	2	0	0
156	1	2	0	0
157	1	2	0	0
158	1	2	0	0
159	1	2	0	0
160	1	2	0	0
161	1	2	0	0
162	1	2	0	0
163	1	2	0	0
164	1	2	0	0
165	1	2	0	0
166	1	2	0	0
167	1	2	0	0
168	1	2	0	0
169	1	2	0	0
170	1	2	0	0
171	1	2	0	0
172	1	2	0	0
173	1	2	0	0
174	1	2	0	0
175	1	2	0	0
176	1	2	0	0
177	1	2	0	0
178	1	2	0	0
179	1	2	0	0
180	1	2	0	0
181	1	2	0	0
182	1	2	0	0
183	1	2	0	0
184	1	2	0	0
185	1	2	0	0
186	1	2	0	0
187	1	2	0	0
188	1	2	0	0
189	1	2	0	0
190	1	2	0	0
191	1	2	0	0
192	1	2	0	0
193	1	2	0	0
194	1	2	0	0
195	1	2	0	0
196	1	2	0	0
197	1	2	0	0
198	1	2	0	0
199	1	2	0	0
200	1	2	0	0
1	1	3	-19	2
2	1	3	24	2
3	1	3	2500	2
4	1	3	20	2
5	1	3	10	2
6	1	3	-9	2
7	1	3	4	2
8	1	3	-10	2
9	1	3	5	2
10	1	3	-4	2
11	1	3	300	2
12	1	3	-18	2
13	1	3	-13	2
14	1	3	-12	2
15	1	3	-7	2
16	1	3	3	2
17	1	3	2200	2
18	1	3	23	2
19	1	3	22	2
20	1	3	24	1
21	1	3	2300	1
22	1	3	-24	1
23	1	3	1800	1
24	1	3	19	1
25	1	3	25	1
26	1	3	15	1
27	1	3	10	1
28	1	3	5	1
29	1	3	4	1
30	1	3	9	1
31	1	3	8	1
32	1	3	3	1
33	1	3	2	1
34	1	3	6	1
35	1	3	12	1
36	1	3	18	1
37	1	3	-24	1
38	1	3	-25	1
39	1	3	13	1
40	1	3	-12	1
41	1	3	7	1
42	1	3	11	1
43	1	3	16	1
44	1	3	21	1
45	1	3	-11	1
46	1	3	-6	1
47	1	3	1	1
48	1	3	-7	1
49	1	3	-1	1
50	1	3	-2	1
51	1	3	-3	1
52	1	3	-8	1
53	1	3	14	1
54	1	3	-15	1
55	1	3	20	1
56	1	3	-25	1
57	1	3	23	1
58	1	3	22	1
59	1	3	-22	1
60	1	3	17	1
61	1	3	-21	1
62	1	3	-11	1
63	1	3	-19	2
64	1	3	25	2
65	1	3	-9	2
66	1	3	-13	2
67	1	3	-20	2
68	1	3	15	2
69	1	3	-22	2
70	1	3	21	2
71	1	3	16	2
72	1	3	-22	2
73	1	3	-23	2
74	1	3	-24	2
75	1	3	-18	2
76	1	3	-13	2
77	1	3	-12	2
78	1	3	999	2
79	1	3	-24	2
80	1	3	-25	2
81	1	3	-14	2
82	1	3	-10	2
83	1	3	-3	2
84	1	3	2	2
85	1	3	-7	2
86	1	3	-13	2
87	1	3	-16	2
88	1	3	1100	2
89	1	3	-17	2
90	1	3	11	2
91	1	3	-11	2
92	1	3	6	2
93	1	3	-11	2
94	1	3	-6	2
95	1	3	1	2
96	1	3	0	0
97	1	3	0	0
98	1	3	0	0
99	1	3	0	0
100	1	3	0	0
101	1	3	0	0
102	1	3	0	0
103	1	3	0	0
104	1	3	0	0
105	1	3	0	0
106	1	3	0	0
107	1	3	0	0
108	1	3	0	0
109	1	3	0	0
110	1	3	0	0
111	1	3	0	0
112	1	3	0	0
113	1	3	0	0
114	1	3	0	0
115	1	3	0	0
116	1	3	0	0
117	1	3	0	0
118	1	3	0	0
119	1	3	0	0
120	1	3	0	0
121	1	3	0	0
122	1	3	0	0
123	1	3	0	0
124	1	3	0	0
125	1	3	0	0
126	1	3	0	0
127	1	3	0	0
128	1	3	0	0
129	1	3	0	0
130	1	3	0	0
131	1	3	0	0
132	1	3	0	0
133	1	3	0	0
134	1	3	0	0
135	1	3	0	0
136	1	3	0	0
137	1	3	0	0
138	1	3	0	0
139	1	3	0	0
140	1	3	0	0
141	1	3	0	0
142	1	3	0	0
143	1	3	0	0
144	1	3	0	0
145	1	3	0	0
146	1	3	0	0
147	1	3	0	0
148	1	3	0	0
149	1	3	0	0
150	1	3	0	0
151	1	3	0	0
152	1	3	0	0
153	1	3	0	0
154	1	3	0	0
155	1	3	0	0
156	1	3	0	0
157	1	3	0	0
158	1	3	0	0
159	1	3	0	0
160	1	3	0	0
161	1	3	0	0
162	1	3	0	0
163	1	3	0	0
164	1	3	0	0
165	1	3	0	0
166	1	3	0	0
167	1	3	0	0
168	1	3	0	0
169	1	3	0	0
170	1	3	0	0
171	1	3	0	0
172	1	3	0	0
173	1	3	0	0
174	1	3	0	0
175	1	3	0	0
176	1	3	0	0
177	1	3	0	0
178	1	3	0	0
179	1	3	0	0
180	1	3	0	0
181	1	3	0	0
182	1	3	0	0
183	1	3	0	0
184	1	3	0	0
185	1	3	0	0
186	1	3	0	0
187	1	3	0	0
188	1	3	0	0
189	1	3	0	0
190	1	3	0	0
191	1	3	0	0
192	1	3	0	0
193	1	3	0	0
194	1	3	0	0
195	1	3	0	0
196	1	3	0	0
197	1	3	0	0
198	1	3	0	0
199	1	3	0	0
200	1	3	0	0
1	1	4	2500	1
2	1	4	20	1
3	1	4	23	1
4	1	4	14	1
5	1	4	15	1
6	1	4	-15	1
7	1	4	10	1
8	1	4	1200	1
9	1	4	24	1
10	1	4	19	1
11	1	4	25	1
12	1	4	-15	1
13	1	4	9	1
14	1	4	4	1
15	1	4	3	1
16	1	4	17	1
17	1	4	-23	1
18	1	4	2200	1
19	1	4	-17	1
20	1	4	1200	1
21	1	4	24	2
22	1	4	25	2
23	1	4	20	2
24	1	4	15	2
25	1	4	10	2
26	1	4	-24	2
27	1	4	-20	2
28	1	4	-14	2
29	1	4	-9	2
30	1	4	-10	2
31	1	4	5	2
32	1	4	4	2
33	1	4	3	2
34	1	4	-7	2
35	1	4	-8	2
36	1	4	-12	2
37	1	4	-17	2
38	1	4	1600	2
39	1	4	21	2
40	1	4	16	2
41	1	4	11	2
42	1	4	6	2
43	1	4	-16	2
44	1	4	-6	2
45	1	4	1	2
46	1	4	2300	2
47	1	4	-12	2
48	1	4	-6	2
49	1	4	-7	2
50	1	4	2	2
51	1	4	99	2
52	1	4	-25	2
53	1	4	-24	1
54	1	4	-25	1
55	1	4	-14	1
56	1	4	-15	1
57	1	4	-9	1
58	1	4	-10	1
59	1	4	5	1
60	1	4	-17	1
61	1	4	12	1
62	1	4	2100	1
63	1	4	2200	1
64	1	4	-23	1
65	1	4	18	1
66	1	4	-24	1
67	1	4	-25	1
68	1	4	99	1
69	1	4	2100	1
70	1	4	1600	1
71	1	4	11	1
72	1	4	21	1
73	1	4	-21	1
74	1	4	16	1
75	1	4	600	1
76	1	4	-12	1
77	1	4	-11	1
78	1	4	6	1
79	1	4	-25	1
80	1	4	23	2
81	1	4	-24	2
82	1	4	-25	2
83	1	4	-20	2
84	1	4	-14	2
85	1	4	-13	2
86	1	4	-3	2
87	1	4	-4	2
88	1	4	-1	2
89	1	4	-6	2
90	1	4	-11	2
91	1	4	-16	2
92	1	4	2200	2
93	1	4	-21	2
94	1	4	22	2
95	1	4	999	2
96	1	4	-15	2
97	1	4	-10	2
98	1	4	-9	2
99	1	4	-25	1
100	1	4	-24	1
101	1	4	-18	1
102	1	4	-8	1
103	1	4	-12	1
104	1	4	7	1
105	1	4	-6	1
106	1	4	1	1
107	1	4	-5	1
108	1	4	-4	1
109	1	4	-3	1
110	1	4	0	0
111	1	4	0	0
112	1	4	0	0
113	1	4	0	0
114	1	4	0	0
115	1	4	0	0
116	1	4	0	0
117	1	4	0	0
118	1	4	0	0
119	1	4	0	0
120	1	4	0	0
121	1	4	0	0
122	1	4	0	0
123	1	4	0	0
124	1	4	0	0
125	1	4	0	0
126	1	4	0	0
127	1	4	0	0
128	1	4	0	0
129	1	4	0	0
130	1	4	0	0
131	1	4	0	0
132	1	4	0	0
133	1	4	0	0
134	1	4	0	0
135	1	4	0	0
136	1	4	0	0
137	1	4	0	0
138	1	4	0	0
139	1	4	0	0
140	1	4	0	0
141	1	4	0	0
142	1	4	0	0
143	1	4	0	0
144	1	4	0	0
145	1	4	0	0
146	1	4	0	0
147	1	4	0	0
148	1	4	0	0
149	1	4	0	0
150	1	4	0	0
151	1	4	0	0
152	1	4	0	0
153	1	4	0	0
154	1	4	0	0
155	1	4	0	0
156	1	4	0	0
157	1	4	0	0
158	1	4	0	0
159	1	4	0	0
160	1	4	0	0
161	1	4	0	0
162	1	4	0	0
163	1	4	0	0
164	1	4	0	0
165	1	4	0	0
166	1	4	0	0
167	1	4	0	0
168	1	4	0	0
169	1	4	0	0
170	1	4	0	0
171	1	4	0	0
172	1	4	0	0
173	1	4	0	0
174	1	4	0	0
175	1	4	0	0
176	1	4	0	0
177	1	4	0	0
178	1	4	0	0
179	1	4	0	0
180	1	4	0	0
181	1	4	0	0
182	1	4	0	0
183	1	4	0	0
184	1	4	0	0
185	1	4	0	0
186	1	4	0	0
187	1	4	0	0
188	1	4	0	0
189	1	4	0	0
190	1	4	0	0
191	1	4	0	0
192	1	4	0	0
193	1	4	0	0
194	1	4	0	0
195	1	4	0	0
196	1	4	0	0
197	1	4	0	0
198	1	4	0	0
199	1	4	0	0
200	1	4	0	0
1	1	5	-18	2
2	1	5	-19	2
3	1	5	24	2
4	1	5	25	2
5	1	5	24	1
6	1	5	25	1
7	1	5	-25	1
8	1	5	2000	1
9	1	5	15	1
10	1	5	10	1
11	1	5	5	1
12	1	5	4	1
13	1	5	14	1
14	1	5	18	1
15	1	5	13	1
16	1	5	8	1
17	1	5	7	1
18	1	5	3	1
19	1	5	9	1
20	1	5	20	1
21	1	5	-25	1
22	1	5	-10	1
23	1	5	-9	1
24	1	5	-3	1
25	1	5	2	1
26	1	5	22	1
27	1	5	23	1
28	1	5	-24	1
29	1	5	19	1
30	1	5	-18	1
31	1	5	17	1
32	1	5	12	1
33	1	5	11	1
34	1	5	6	1
35	1	5	1600	1
36	1	5	-22	1
37	1	5	1600	1
38	1	5	21	1
39	1	5	16	1
40	1	5	-21	1
41	1	5	-22	1
42	1	5	-17	1
43	1	5	23	1
44	1	5	-24	1
45	1	5	-25	1
46	1	5	-9	1
47	1	5	-24	2
48	1	5	-25	2
49	1	5	20	2
50	1	5	-14	2
51	1	5	15	2
52	1	5	10	2
53	1	5	-17	2
54	1	5	-18	2
55	1	5	-8	2
56	1	5	3	2
57	1	5	4	2
58	1	5	5	2
59	1	5	-15	2
60	1	5	-10	2
61	1	5	-4	2
62	1	5	-5	2
63	1	5	1100	2
64	1	5	16	2
65	1	5	21	2
66	1	5	-16	2
67	1	5	11	2
68	1	5	-17	2
69	1	5	-11	2
70	1	5	6	2
71	1	5	-6	2
72	1	5	-16	2
73	1	5	-6	2
74	1	5	100	2
75	1	5	-7	2
76	1	5	-5	2
77	1	5	-10	2
78	1	5	200	2
79	1	5	100	2
80	1	5	-7	2
81	1	5	2	2
82	1	5	100	2
83	1	5	0	0
84	1	5	0	0
85	1	5	0	0
86	1	5	0	0
87	1	5	0	0
88	1	5	0	0
89	1	5	0	0
90	1	5	0	0
91	1	5	0	0
92	1	5	0	0
93	1	5	0	0
94	1	5	0	0
95	1	5	0	0
96	1	5	0	0
97	1	5	0	0
98	1	5	0	0
99	1	5	0	0
100	1	5	0	0
101	1	5	0	0
102	1	5	0	0
103	1	5	0	0
104	1	5	0	0
105	1	5	0	0
106	1	5	0	0
107	1	5	0	0
108	1	5	0	0
109	1	5	0	0
110	1	5	0	0
111	1	5	0	0
112	1	5	0	0
113	1	5	0	0
114	1	5	0	0
115	1	5	0	0
116	1	5	0	0
117	1	5	0	0
118	1	5	0	0
119	1	5	0	0
120	1	5	0	0
121	1	5	0	0
122	1	5	0	0
123	1	5	0	0
124	1	5	0	0
125	1	5	0	0
126	1	5	0	0
127	1	5	0	0
128	1	5	0	0
129	1	5	0	0
130	1	5	0	0
131	1	5	0	0
132	1	5	0	0
133	1	5	0	0
134	1	5	0	0
135	1	5	0	0
136	1	5	0	0
137	1	5	0	0
138	1	5	0	0
139	1	5	0	0
140	1	5	0	0
141	1	5	0	0
142	1	5	0	0
143	1	5	0	0
144	1	5	0	0
145	1	5	0	0
146	1	5	0	0
147	1	5	0	0
148	1	5	0	0
149	1	5	0	0
150	1	5	0	0
151	1	5	0	0
152	1	5	0	0
153	1	5	0	0
154	1	5	0	0
155	1	5	0	0
156	1	5	0	0
157	1	5	0	0
158	1	5	0	0
159	1	5	0	0
160	1	5	0	0
161	1	5	0	0
162	1	5	0	0
163	1	5	0	0
164	1	5	0	0
165	1	5	0	0
166	1	5	0	0
167	1	5	0	0
168	1	5	0	0
169	1	5	0	0
170	1	5	0	0
171	1	5	0	0
172	1	5	0	0
173	1	5	0	0
174	1	5	0	0
175	1	5	0	0
176	1	5	0	0
177	1	5	0	0
178	1	5	0	0
179	1	5	0	0
180	1	5	0	0
181	1	5	0	0
182	1	5	0	0
183	1	5	0	0
184	1	5	0	0
185	1	5	0	0
186	1	5	0	0
187	1	5	0	0
188	1	5	0	0
189	1	5	0	0
190	1	5	0	0
191	1	5	0	0
192	1	5	0	0
193	1	5	0	0
194	1	5	0	0
195	1	5	0	0
196	1	5	0	0
197	1	5	0	0
198	1	5	0	0
199	1	5	0	0
200	1	5	0	0
1	1	6	24	1
2	1	6	25	1
3	1	6	20	1
4	1	6	15	1
5	1	6	-24	1
6	1	6	-20	1
7	1	6	14	1
8	1	6	9	1
9	1	6	23	1
10	1	6	18	1
11	1	6	13	1
12	1	6	-14	1
13	1	6	8	1
14	1	6	3	1
15	1	6	10	1
16	1	6	-15	1
17	1	6	5	1
18	1	6	1200	1
19	1	6	24	2
20	1	6	25	2
21	1	6	15	2
22	1	6	-15	2
23	1	6	10	2
24	1	6	-9	2
25	1	6	4	2
26	1	6	5	2
27	1	6	-15	2
28	1	6	20	2
29	1	6	-25	2
30	1	6	-24	2
31	1	6	-19	2
32	1	6	-18	2
33	1	6	-12	2
34	1	6	-17	2
35	1	6	2200	2
36	1	6	2300	2
37	1	6	22	2
38	1	6	2100	2
39	1	6	16	2
40	1	6	-16	2
41	1	6	11	2
42	1	6	-16	2
43	1	6	-11	2
44	1	6	6	2
45	1	6	100	2
46	1	6	-7	2
47	1	6	2	2
48	1	6	2100	1
49	1	6	-23	1
50	1	6	2100	1
51	1	6	2200	1
52	1	6	2100	1
53	1	6	22	1
54	1	6	-22	1
55	1	6	17	1
56	1	6	-23	1
57	1	6	-17	1
58	1	6	-18	1
59	1	6	-24	1
60	1	6	1900	1
61	1	6	-25	1
62	1	6	19	1
63	1	6	-23	1
64	1	6	-18	1
65	1	6	-17	1
66	1	6	1100	1
67	1	6	-17	1
68	1	6	1600	1
69	1	6	2100	1
70	1	6	1600	1
71	1	6	1100	1
72	1	6	-13	1
73	1	6	1200	1
74	1	6	-17	1
75	1	6	-22	1
76	1	6	700	1
77	1	6	-3	1
78	1	6	-24	2
79	1	6	-25	2
80	1	6	-14	2
81	1	6	-15	2
82	1	6	-8	2
83	1	6	3	2
84	1	6	-5	2
85	1	6	-4	2
86	1	6	-2	2
87	1	6	1	2
88	1	6	21	2
89	1	6	999	2
90	1	6	-21	2
91	1	6	-22	2
92	1	6	-11	2
93	1	6	6	2
94	1	6	-25	1
95	1	6	-20	1
96	1	6	-18	1
97	1	6	-23	1
98	1	6	0	0
99	1	6	0	0
100	1	6	0	0
101	1	6	0	0
102	1	6	0	0
103	1	6	0	0
104	1	6	0	0
105	1	6	0	0
106	1	6	0	0
107	1	6	0	0
108	1	6	0	0
109	1	6	0	0
110	1	6	0	0
111	1	6	0	0
112	1	6	0	0
113	1	6	0	0
114	1	6	0	0
115	1	6	0	0
116	1	6	0	0
117	1	6	0	0
118	1	6	0	0
119	1	6	0	0
120	1	6	0	0
121	1	6	0	0
122	1	6	0	0
123	1	6	0	0
124	1	6	0	0
125	1	6	0	0
126	1	6	0	0
127	1	6	0	0
128	1	6	0	0
129	1	6	0	0
130	1	6	0	0
131	1	6	0	0
132	1	6	0	0
133	1	6	0	0
134	1	6	0	0
135	1	6	0	0
136	1	6	0	0
137	1	6	0	0
138	1	6	0	0
139	1	6	0	0
140	1	6	0	0
141	1	6	0	0
142	1	6	0	0
143	1	6	0	0
144	1	6	0	0
145	1	6	0	0
146	1	6	0	0
147	1	6	0	0
148	1	6	0	0
149	1	6	0	0
150	1	6	0	0
151	1	6	0	0
152	1	6	0	0
153	1	6	0	0
154	1	6	0	0
155	1	6	0	0
156	1	6	0	0
157	1	6	0	0
158	1	6	0	0
159	1	6	0	0
160	1	6	0	0
161	1	6	0	0
162	1	6	0	0
163	1	6	0	0
164	1	6	0	0
165	1	6	0	0
166	1	6	0	0
167	1	6	0	0
168	1	6	0	0
169	1	6	0	0
170	1	6	0	0
171	1	6	0	0
172	1	6	0	0
173	1	6	0	0
174	1	6	0	0
175	1	6	0	0
176	1	6	0	0
177	1	6	0	0
178	1	6	0	0
179	1	6	0	0
180	1	6	0	0
181	1	6	0	0
182	1	6	0	0
183	1	6	0	0
184	1	6	0	0
185	1	6	0	0
186	1	6	0	0
187	1	6	0	0
188	1	6	0	0
189	1	6	0	0
190	1	6	0	0
191	1	6	0	0
192	1	6	0	0
193	1	6	0	0
194	1	6	0	0
195	1	6	0	0
196	1	6	0	0
197	1	6	0	0
198	1	6	0	0
199	1	6	0	0
200	1	6	0	0
1	1	7	25	2
2	1	7	20	2
3	1	7	2300	2
4	1	7	24	2
5	1	7	-25	2
6	1	7	2300	2
7	1	7	25	1
8	1	7	20	1
9	1	7	15	1
10	1	7	10	1
11	1	7	9	1
12	1	7	4	1
13	1	7	3	1
14	1	7	8	1
15	1	7	-25	1
16	1	7	24	1
17	1	7	19	1
18	1	7	13	1
19	1	7	18	1
20	1	7	2200	1
21	1	7	23	1
22	1	7	-24	1
23	1	7	-23	1
24	1	7	22	1
25	1	7	17	1
26	1	7	-17	1
27	1	7	12	1
28	1	7	-18	1
29	1	7	-23	1
30	1	7	-24	1
31	1	7	14	1
32	1	7	-22	1
33	1	7	21	1
34	1	7	-21	1
35	1	7	16	1
36	1	7	-17	1
37	1	7	-16	1
38	1	7	1100	1
39	1	7	-16	1
40	1	7	11	1
41	1	7	6	1
42	1	7	1	1
43	1	7	999	1
44	1	7	-24	1
45	1	7	-25	1
46	1	7	-14	1
47	1	7	5	1
48	1	7	-4	1
49	1	7	-3	1
50	1	7	-8	1
51	1	7	-10	1
52	1	7	-15	1
53	1	7	-25	2
54	1	7	-24	2
55	1	7	23	2
56	1	7	-13	2
57	1	7	-12	2
58	1	7	-22	1
59	1	7	-23	1
60	1	7	-16	1
61	1	7	-21	1
62	1	7	-11	1
63	1	7	7	1
64	1	7	2	1
65	1	7	-1	1
66	1	7	-6	1
67	1	7	-8	1
68	1	7	-14	1
69	1	7	-13	1
70	1	7	-18	1
71	1	7	-23	1
72	1	7	-24	1
73	1	7	-25	1
74	1	7	-20	1
75	1	7	-15	1
76	1	7	-10	1
77	1	7	-4	1
78	1	7	-5	1
79	1	7	-18	2
80	1	7	-19	2
81	1	7	-18	2
82	1	7	-17	2
83	1	7	11	2
84	1	7	16	2
85	1	7	-7	2
86	1	7	-8	2
87	1	7	3	2
88	1	7	200	2
89	1	7	4	2
90	1	7	10	2
91	1	7	5	2
92	1	7	-3	2
93	1	7	-19	2
94	1	7	-8	2
95	1	7	-9	2
96	1	7	-10	2
97	1	7	200	2
98	1	7	-7	2
99	1	7	200	2
100	1	7	0	0
101	1	7	0	0
102	1	7	0	0
103	1	7	0	0
104	1	7	0	0
105	1	7	0	0
106	1	7	0	0
107	1	7	0	0
108	1	7	0	0
109	1	7	0	0
110	1	7	0	0
111	1	7	0	0
112	1	7	0	0
113	1	7	0	0
114	1	7	0	0
115	1	7	0	0
116	1	7	0	0
117	1	7	0	0
118	1	7	0	0
119	1	7	0	0
120	1	7	0	0
121	1	7	0	0
122	1	7	0	0
123	1	7	0	0
124	1	7	0	0
125	1	7	0	0
126	1	7	0	0
127	1	7	0	0
128	1	7	0	0
129	1	7	0	0
130	1	7	0	0
131	1	7	0	0
132	1	7	0	0
133	1	7	0	0
134	1	7	0	0
135	1	7	0	0
136	1	7	0	0
137	1	7	0	0
138	1	7	0	0
139	1	7	0	0
140	1	7	0	0
141	1	7	0	0
142	1	7	0	0
143	1	7	0	0
144	1	7	0	0
145	1	7	0	0
146	1	7	0	0
147	1	7	0	0
148	1	7	0	0
149	1	7	0	0
150	1	7	0	0
151	1	7	0	0
152	1	7	0	0
153	1	7	0	0
154	1	7	0	0
155	1	7	0	0
156	1	7	0	0
157	1	7	0	0
158	1	7	0	0
159	1	7	0	0
160	1	7	0	0
161	1	7	0	0
162	1	7	0	0
163	1	7	0	0
164	1	7	0	0
165	1	7	0	0
166	1	7	0	0
167	1	7	0	0
168	1	7	0	0
169	1	7	0	0
170	1	7	0	0
171	1	7	0	0
172	1	7	0	0
173	1	7	0	0
174	1	7	0	0
175	1	7	0	0
176	1	7	0	0
177	1	7	0	0
178	1	7	0	0
179	1	7	0	0
180	1	7	0	0
181	1	7	0	0
182	1	7	0	0
183	1	7	0	0
184	1	7	0	0
185	1	7	0	0
186	1	7	0	0
187	1	7	0	0
188	1	7	0	0
189	1	7	0	0
190	1	7	0	0
191	1	7	0	0
192	1	7	0	0
193	1	7	0	0
194	1	7	0	0
195	1	7	0	0
196	1	7	0	0
197	1	7	0	0
198	1	7	0	0
199	1	7	0	0
200	1	7	0	0
1	1	8	25	1
2	1	8	20	1
3	1	8	15	1
4	1	8	14	1
5	1	8	9	1
6	1	8	-15	1
7	1	8	10	1
8	1	8	500	1
9	1	8	4	1
10	1	8	-10	1
11	1	8	500	1
12	1	8	-14	1
13	1	8	2400	1
14	1	8	19	1
15	1	8	2400	1
16	1	8	1700	1
17	1	8	18	1
18	1	8	23	1
19	1	8	17	1
20	1	8	24	1
21	1	8	-10	1
22	1	8	5	1
23	1	8	-4	1
24	1	8	3	1
25	1	8	8	1
26	1	8	7	1
27	1	8	25	2
28	1	8	20	2
29	1	8	15	2
30	1	8	24	2
31	1	8	-20	2
32	1	8	10	2
33	1	8	5	2
34	1	8	4	2
35	1	8	-9	2
36	1	8	-4	2
37	1	8	-3	2
38	1	8	-18	2
39	1	8	-13	2
40	1	8	-12	2
41	1	8	2	2
42	1	8	100	2
43	1	8	999	2
44	1	8	23	2
45	1	8	-24	2
46	1	8	-25	2
47	1	8	-13	2
48	1	8	-18	2
49	1	8	-23	2
50	1	8	-17	2
51	1	8	1600	2
52	1	8	1100	2
53	1	8	600	2
54	1	8	100	2
55	1	8	6	2
56	1	8	21	2
57	1	8	1600	2
58	1	8	22	2
59	1	8	16	2
60	1	8	-17	2
61	1	8	11	2
62	1	8	-21	2
63	1	8	-16	2
64	1	8	-6	2
65	1	8	1	2
66	1	8	-24	2
67	1	8	-25	2
68	1	8	-15	2
69	1	8	-4	2
70	1	8	-3	2
71	1	8	-2	2
72	1	8	-25	1
73	1	8	-24	1
74	1	8	-14	1
75	1	8	-8	1
76	1	8	1200	1
77	1	8	13	1
78	1	8	12	1
79	1	8	-23	1
80	1	8	22	1
81	1	8	21	1
82	1	8	11	1
83	1	8	6	1
84	1	8	-7	1
85	1	8	1	1
86	1	8	-8	1
87	1	8	-7	1
88	1	8	-15	1
89	1	8	-10	1
90	1	8	-19	2
91	1	8	-13	2
92	1	8	-9	2
93	1	8	-5	2
94	1	8	-21	1
95	1	8	16	1
96	1	8	999	1
97	1	8	-25	1
98	1	8	-19	1
99	1	8	-23	1
100	1	8	-22	1
101	1	8	-11	1
102	1	8	-12	1
103	1	8	-4	1
104	1	8	-3	1
105	1	8	2	1
106	1	8	-1	1
107	1	8	-12	1
108	1	8	-7	1
109	1	8	-9	1
110	1	8	-14	1
111	1	8	-10	1
112	1	8	-5	1
113	1	8	-23	2
114	1	8	-18	2
115	1	8	-13	2
116	1	8	-12	2
117	1	8	-7	2
118	1	8	-6	2
119	1	8	-3	2
120	1	8	-5	2
121	1	8	-10	2
122	1	8	-15	2
123	1	8	-25	2
124	1	8	-24	2
125	1	8	-23	2
126	1	8	-22	2
127	1	8	0	0
128	1	8	0	0
129	1	8	0	0
130	1	8	0	0
131	1	8	0	0
132	1	8	0	0
133	1	8	0	0
134	1	8	0	0
135	1	8	0	0
136	1	8	0	0
137	1	8	0	0
138	1	8	0	0
139	1	8	0	0
140	1	8	0	0
141	1	8	0	0
142	1	8	0	0
143	1	8	0	0
144	1	8	0	0
145	1	8	0	0
146	1	8	0	0
147	1	8	0	0
148	1	8	0	0
149	1	8	0	0
150	1	8	0	0
151	1	8	0	0
152	1	8	0	0
153	1	8	0	0
154	1	8	0	0
155	1	8	0	0
156	1	8	0	0
157	1	8	0	0
158	1	8	0	0
159	1	8	0	0
160	1	8	0	0
161	1	8	0	0
162	1	8	0	0
163	1	8	0	0
164	1	8	0	0
165	1	8	0	0
166	1	8	0	0
167	1	8	0	0
168	1	8	0	0
169	1	8	0	0
170	1	8	0	0
171	1	8	0	0
172	1	8	0	0
173	1	8	0	0
174	1	8	0	0
175	1	8	0	0
176	1	8	0	0
177	1	8	0	0
178	1	8	0	0
179	1	8	0	0
180	1	8	0	0
181	1	8	0	0
182	1	8	0	0
183	1	8	0	0
184	1	8	0	0
185	1	8	0	0
186	1	8	0	0
187	1	8	0	0
188	1	8	0	0
189	1	8	0	0
190	1	8	0	0
191	1	8	0	0
192	1	8	0	0
193	1	8	0	0
194	1	8	0	0
195	1	8	0	0
196	1	8	0	0
197	1	8	0	0
198	1	8	0	0
199	1	8	0	0
200	1	8	0	0
1	1	9	25	1
2	1	9	2000	1
3	1	9	15	1
4	1	9	14	1
5	1	9	-15	1
6	1	9	10	1
7	1	9	5	1
8	1	9	4	1
9	1	9	18	1
10	1	9	24	1
11	1	9	-25	1
12	1	9	20	1
13	1	9	19	1
14	1	9	9	1
15	1	9	800	1
16	1	9	-19	1
17	1	9	8	1
18	1	9	300	1
19	1	9	-4	1
20	1	9	3	1
21	1	9	1700	1
22	1	9	-18	1
23	1	9	1700	1
24	1	9	16	1
25	1	9	-16	1
26	1	9	11	1
27	1	9	-16	1
28	1	9	-11	1
29	1	9	6	1
30	1	9	2200	1
31	1	9	2300	1
32	1	9	-24	1
33	1	9	2300	1
34	1	9	17	1
35	1	9	-18	1
36	1	9	13	1
37	1	9	-14	1
38	1	9	-8	1
39	1	9	-18	1
40	1	9	7	1
41	1	9	-7	1
42	1	9	-12	1
43	1	9	25	2
44	1	9	20	2
45	1	9	-25	2
46	1	9	15	2
47	1	9	10	2
48	1	9	5	2
49	1	9	-10	2
50	1	9	-9	2
51	1	9	4	2
52	1	9	3	2
53	1	9	-13	2
54	1	9	-3	2
55	1	9	2	2
56	1	9	1	2
57	1	9	600	2
58	1	9	-7	2
59	1	9	1100	2
60	1	9	-17	2
61	1	9	1600	2
62	1	9	22	2
63	1	9	23	2
64	1	9	24	2
65	1	9	-25	2
66	1	9	-17	2
67	1	9	1600	2
68	1	9	2100	2
69	1	9	16	2
70	1	9	11	2
71	1	9	6	2
72	1	9	-24	1
73	1	9	-25	1
74	1	9	-18	1
75	1	9	-19	1
76	1	9	-20	1
77	1	9	-14	1
78	1	9	-9	1
79	1	9	-3	1
80	1	9	-7	1
81	1	9	200	1
82	1	9	-9	1
83	1	9	2	1
84	1	9	-7	1
85	1	9	-6	1
86	1	9	1	1
87	1	9	-11	1
88	1	9	-16	1
89	1	9	21	1
90	1	9	22	1
91	1	9	23	1
92	1	9	-22	1
93	1	9	-16	1
94	1	9	-21	1
95	1	9	-19	1
96	1	9	-24	1
97	1	9	-25	1
98	1	9	-15	1
99	1	9	-9	1
100	1	9	-5	1
101	1	9	-23	2
102	1	9	-24	2
103	1	9	-19	2
104	1	9	-9	2
105	1	9	-4	2
106	1	9	-10	2
107	1	9	-15	2
108	1	9	-20	2
109	1	9	-25	2
110	1	9	0	0
111	1	9	0	0
112	1	9	0	0
113	1	9	0	0
114	1	9	0	0
115	1	9	0	0
116	1	9	0	0
117	1	9	0	0
118	1	9	0	0
119	1	9	0	0
120	1	9	0	0
121	1	9	0	0
122	1	9	0	0
123	1	9	0	0
124	1	9	0	0
125	1	9	0	0
126	1	9	0	0
127	1	9	0	0
128	1	9	0	0
129	1	9	0	0
130	1	9	0	0
131	1	9	0	0
132	1	9	0	0
133	1	9	0	0
134	1	9	0	0
135	1	9	0	0
136	1	9	0	0
137	1	9	0	0
138	1	9	0	0
139	1	9	0	0
140	1	9	0	0
141	1	9	0	0
142	1	9	0	0
143	1	9	0	0
144	1	9	0	0
145	1	9	0	0
146	1	9	0	0
147	1	9	0	0
148	1	9	0	0
149	1	9	0	0
150	1	9	0	0
151	1	9	0	0
152	1	9	0	0
153	1	9	0	0
154	1	9	0	0
155	1	9	0	0
156	1	9	0	0
157	1	9	0	0
158	1	9	0	0
159	1	9	0	0
160	1	9	0	0
161	1	9	0	0
162	1	9	0	0
163	1	9	0	0
164	1	9	0	0
165	1	9	0	0
166	1	9	0	0
167	1	9	0	0
168	1	9	0	0
169	1	9	0	0
170	1	9	0	0
171	1	9	0	0
172	1	9	0	0
173	1	9	0	0
174	1	9	0	0
175	1	9	0	0
176	1	9	0	0
177	1	9	0	0
178	1	9	0	0
179	1	9	0	0
180	1	9	0	0
181	1	9	0	0
182	1	9	0	0
183	1	9	0	0
184	1	9	0	0
185	1	9	0	0
186	1	9	0	0
187	1	9	0	0
188	1	9	0	0
189	1	9	0	0
190	1	9	0	0
191	1	9	0	0
192	1	9	0	0
193	1	9	0	0
194	1	9	0	0
195	1	9	0	0
196	1	9	0	0
197	1	9	0	0
198	1	9	0	0
199	1	9	0	0
200	1	9	0	0
1	1	10	25	2
2	1	10	20	2
3	1	10	1500	2
4	1	10	10	2
5	1	10	5	2
6	1	10	-18	2
7	1	10	23	2
8	1	10	24	2
9	1	10	-25	2
10	1	10	1500	2
11	1	10	24	1
12	1	10	25	1
13	1	10	20	1
14	1	10	15	1
15	1	10	14	1
16	1	10	9	1
17	1	10	4	1
18	1	10	10	1
19	1	10	5	1
20	1	10	-10	1
21	1	10	-9	1
22	1	10	-4	1
23	1	10	300	1
24	1	10	8	1
25	1	10	3	1
26	1	10	2	1
27	1	10	7	1
28	1	10	2100	1
29	1	10	22	1
30	1	10	-22	1
31	1	10	17	1
32	1	10	-22	1
33	1	10	21	1
34	1	10	16	1
35	1	10	11	1
36	1	10	2300	1
37	1	10	18	1
38	1	10	2300	1
39	1	10	-24	1
40	1	10	19	1
41	1	10	23	1
42	1	10	-22	1
43	1	10	-16	1
44	1	10	-11	1
45	1	10	6	1
46	1	10	-21	1
47	1	10	-16	1
48	1	10	-6	1
49	1	10	100	1
50	1	10	-3	1
51	1	10	1	1
52	1	10	-25	1
53	1	10	-15	1
54	1	10	-10	1
55	1	10	-9	1
56	1	10	-5	1
57	1	10	-4	1
58	1	10	-24	2
59	1	10	-25	2
60	1	10	15	2
61	1	10	2100	2
62	1	10	16	2
63	1	10	22	2
64	1	10	-23	2
65	1	10	-24	2
66	1	10	-17	2
67	1	10	-16	2
68	1	10	2100	2
69	1	10	-9	2
70	1	10	4	2
71	1	10	300	2
72	1	10	-8	2
73	1	10	3	2
74	1	10	-16	2
75	1	10	11	2
76	1	10	-11	2
77	1	10	600	2
78	1	10	99	2
79	1	10	-13	2
80	1	10	-7	2
81	1	10	200	2
82	1	10	-3	2
83	1	10	999	2
84	1	10	-24	2
85	1	10	-25	2
86	1	10	-15	2
87	1	10	-11	2
88	1	10	-7	2
89	1	10	-9	2
90	1	10	2	2
91	1	10	2100	2
92	1	10	-11	2
93	1	10	6	2
94	1	10	-13	2
95	1	10	-18	2
96	1	10	-14	2
97	1	10	-15	2
98	1	10	-4	2
99	1	10	-3	2
100	1	10	-2	2
101	1	10	0	0
102	1	10	0	0
103	1	10	0	0
104	1	10	0	0
105	1	10	0	0
106	1	10	0	0
107	1	10	0	0
108	1	10	0	0
109	1	10	0	0
110	1	10	0	0
111	1	10	0	0
112	1	10	0	0
113	1	10	0	0
114	1	10	0	0
115	1	10	0	0
116	1	10	0	0
117	1	10	0	0
118	1	10	0	0
119	1	10	0	0
120	1	10	0	0
121	1	10	0	0
122	1	10	0	0
123	1	10	0	0
124	1	10	0	0
125	1	10	0	0
126	1	10	0	0
127	1	10	0	0
128	1	10	0	0
129	1	10	0	0
130	1	10	0	0
131	1	10	0	0
132	1	10	0	0
133	1	10	0	0
134	1	10	0	0
135	1	10	0	0
136	1	10	0	0
137	1	10	0	0
138	1	10	0	0
139	1	10	0	0
140	1	10	0	0
141	1	10	0	0
142	1	10	0	0
143	1	10	0	0
144	1	10	0	0
145	1	10	0	0
146	1	10	0	0
147	1	10	0	0
148	1	10	0	0
149	1	10	0	0
150	1	10	0	0
151	1	10	0	0
152	1	10	0	0
153	1	10	0	0
154	1	10	0	0
155	1	10	0	0
156	1	10	0	0
157	1	10	0	0
158	1	10	0	0
159	1	10	0	0
160	1	10	0	0
161	1	10	0	0
162	1	10	0	0
163	1	10	0	0
164	1	10	0	0
165	1	10	0	0
166	1	10	0	0
167	1	10	0	0
168	1	10	0	0
169	1	10	0	0
170	1	10	0	0
171	1	10	0	0
172	1	10	0	0
173	1	10	0	0
174	1	10	0	0
175	1	10	0	0
176	1	10	0	0
177	1	10	0	0
178	1	10	0	0
179	1	10	0	0
180	1	10	0	0
181	1	10	0	0
182	1	10	0	0
183	1	10	0	0
184	1	10	0	0
185	1	10	0	0
186	1	10	0	0
187	1	10	0	0
188	1	10	0	0
189	1	10	0	0
190	1	10	0	0
191	1	10	0	0
192	1	10	0	0
193	1	10	0	0
194	1	10	0	0
195	1	10	0	0
196	1	10	0	0
197	1	10	0	0
198	1	10	0	0
199	1	10	0	0
200	1	10	0	0
1	1	11	25	2
2	1	11	20	2
3	1	11	15	2
4	1	11	-14	2
5	1	11	-15	2
6	1	11	10	2
7	1	11	24	2
8	1	11	-25	2
9	1	11	999	2
10	1	11	-24	2
11	1	11	-25	2
12	1	11	-19	2
13	1	11	-14	2
14	1	11	-12	2
15	1	11	-17	2
16	1	11	22	2
17	1	11	2100	2
18	1	11	1600	2
19	1	11	-10	2
20	1	11	5	2
21	1	11	4	2
22	1	11	-8	2
23	1	11	3	2
24	1	11	200	2
25	1	11	-18	2
26	1	11	-7	2
27	1	11	6	2
28	1	11	24	1
29	1	11	25	1
30	1	11	20	1
31	1	11	15	1
32	1	11	10	1
33	1	11	5	1
34	1	11	4	1
35	1	11	1800	1
36	1	11	19	1
37	1	11	14	1
38	1	11	-25	1
39	1	11	-14	1
40	1	11	9	1
41	1	11	8	1
42	1	11	3	1
43	1	11	2	1
44	1	11	7	1
45	1	11	12	1
46	1	11	13	1
47	1	11	18	1
48	1	11	23	1
49	1	11	-24	1
50	1	11	-25	1
51	1	11	22	1
52	1	11	17	1
53	1	11	16	1
54	1	11	11	1
55	1	11	6	1
56	1	11	-16	1
57	1	11	-6	1
58	1	11	1	1
59	1	11	-7	1
60	1	11	-8	1
61	1	11	-3	1
62	1	11	-4	1
63	1	11	-10	1
64	1	11	-15	1
65	1	11	-19	1
66	1	11	-24	1
67	1	11	-23	1
68	1	11	-22	1
69	1	11	21	1
70	1	11	-17	1
71	1	11	-6	1
72	1	11	-13	1
73	1	11	-8	2
74	1	11	-9	2
75	1	11	-10	2
76	1	11	-15	2
77	1	11	-20	2
78	1	11	-25	2
79	1	11	0	0
80	1	11	0	0
81	1	11	0	0
82	1	11	0	0
83	1	11	0	0
84	1	11	0	0
85	1	11	0	0
86	1	11	0	0
87	1	11	0	0
88	1	11	0	0
89	1	11	0	0
90	1	11	0	0
91	1	11	0	0
92	1	11	0	0
93	1	11	0	0
94	1	11	0	0
95	1	11	0	0
96	1	11	0	0
97	1	11	0	0
98	1	11	0	0
99	1	11	0	0
100	1	11	0	0
101	1	11	0	0
102	1	11	0	0
103	1	11	0	0
104	1	11	0	0
105	1	11	0	0
106	1	11	0	0
107	1	11	0	0
108	1	11	0	0
109	1	11	0	0
110	1	11	0	0
111	1	11	0	0
112	1	11	0	0
113	1	11	0	0
114	1	11	0	0
115	1	11	0	0
116	1	11	0	0
117	1	11	0	0
118	1	11	0	0
119	1	11	0	0
120	1	11	0	0
121	1	11	0	0
122	1	11	0	0
123	1	11	0	0
124	1	11	0	0
125	1	11	0	0
126	1	11	0	0
127	1	11	0	0
128	1	11	0	0
129	1	11	0	0
130	1	11	0	0
131	1	11	0	0
132	1	11	0	0
133	1	11	0	0
134	1	11	0	0
135	1	11	0	0
136	1	11	0	0
137	1	11	0	0
138	1	11	0	0
139	1	11	0	0
140	1	11	0	0
141	1	11	0	0
142	1	11	0	0
143	1	11	0	0
144	1	11	0	0
145	1	11	0	0
146	1	11	0	0
147	1	11	0	0
148	1	11	0	0
149	1	11	0	0
150	1	11	0	0
151	1	11	0	0
152	1	11	0	0
153	1	11	0	0
154	1	11	0	0
155	1	11	0	0
156	1	11	0	0
157	1	11	0	0
158	1	11	0	0
159	1	11	0	0
160	1	11	0	0
161	1	11	0	0
162	1	11	0	0
163	1	11	0	0
164	1	11	0	0
165	1	11	0	0
166	1	11	0	0
167	1	11	0	0
168	1	11	0	0
169	1	11	0	0
170	1	11	0	0
171	1	11	0	0
172	1	11	0	0
173	1	11	0	0
174	1	11	0	0
175	1	11	0	0
176	1	11	0	0
177	1	11	0	0
178	1	11	0	0
179	1	11	0	0
180	1	11	0	0
181	1	11	0	0
182	1	11	0	0
183	1	11	0	0
184	1	11	0	0
185	1	11	0	0
186	1	11	0	0
187	1	11	0	0
188	1	11	0	0
189	1	11	0	0
190	1	11	0	0
191	1	11	0	0
192	1	11	0	0
193	1	11	0	0
194	1	11	0	0
195	1	11	0	0
196	1	11	0	0
197	1	11	0	0
198	1	11	0	0
199	1	11	0	0
200	1	11	0	0
1	1	12	24	1
2	1	12	2500	1
3	1	12	20	1
4	1	12	10	1
5	1	12	24	2
6	1	12	25	2
7	1	12	20	2
8	1	12	15	2
9	1	12	10	2
10	1	12	5	2
11	1	12	4	2
12	1	12	3	2
13	1	12	-8	2
14	1	12	-7	2
15	1	12	2	2
16	1	12	-24	2
17	1	12	-25	2
18	1	12	-15	2
19	1	12	-9	2
20	1	12	-18	2
21	1	12	-17	2
22	1	12	22	2
23	1	12	21	2
24	1	12	16	2
25	1	12	11	2
26	1	12	6	2
27	1	12	-17	2
28	1	12	-12	2
29	1	12	-11	2
30	1	12	-7	2
31	1	12	1	2
32	1	12	-22	2
33	1	12	23	2
34	1	12	-25	2
35	1	12	-24	2
36	1	12	-23	2
37	1	12	-22	2
38	1	12	-16	2
39	1	12	-17	2
40	1	12	25	1
41	1	12	-24	1
42	1	12	19	1
43	1	12	14	1
44	1	12	400	1
45	1	12	-10	1
46	1	12	4	1
47	1	12	15	1
48	1	12	-20	1
49	1	12	-25	1
50	1	12	9	1
51	1	12	8	1
52	1	12	3	1
53	1	12	-10	1
54	1	12	-4	1
55	1	12	-9	1
56	1	12	-8	1
57	1	12	7	1
58	1	12	13	1
59	1	12	-24	1
60	1	12	-19	1
61	1	12	18	1
62	1	12	23	1
63	1	12	22	1
64	1	12	-22	1
65	1	12	17	1
66	1	12	12	1
67	1	12	11	1
68	1	12	2100	1
69	1	12	-22	1
70	1	12	21	1
71	1	12	-17	1
72	1	12	16	1
73	1	12	-23	1
74	1	12	-24	1
75	1	12	-18	1
76	1	12	-19	1
77	1	12	-13	1
78	1	12	200	1
79	1	12	-7	1
80	1	12	1	1
81	1	12	-20	2
82	1	12	-10	2
83	1	12	-4	2
84	1	12	-3	2
85	1	12	999	2
86	1	12	-23	2
87	1	12	-25	2
88	1	12	-14	2
89	1	12	-9	2
90	1	12	-10	2
91	1	12	-3	2
92	1	12	-8	2
93	1	12	-12	2
94	1	12	0	0
95	1	12	0	0
96	1	12	0	0
97	1	12	0	0
98	1	12	0	0
99	1	12	0	0
100	1	12	0	0
101	1	12	0	0
102	1	12	0	0
103	1	12	0	0
104	1	12	0	0
105	1	12	0	0
106	1	12	0	0
107	1	12	0	0
108	1	12	0	0
109	1	12	0	0
110	1	12	0	0
111	1	12	0	0
112	1	12	0	0
113	1	12	0	0
114	1	12	0	0
115	1	12	0	0
116	1	12	0	0
117	1	12	0	0
118	1	12	0	0
119	1	12	0	0
120	1	12	0	0
121	1	12	0	0
122	1	12	0	0
123	1	12	0	0
124	1	12	0	0
125	1	12	0	0
126	1	12	0	0
127	1	12	0	0
128	1	12	0	0
129	1	12	0	0
130	1	12	0	0
131	1	12	0	0
132	1	12	0	0
133	1	12	0	0
134	1	12	0	0
135	1	12	0	0
136	1	12	0	0
137	1	12	0	0
138	1	12	0	0
139	1	12	0	0
140	1	12	0	0
141	1	12	0	0
142	1	12	0	0
143	1	12	0	0
144	1	12	0	0
145	1	12	0	0
146	1	12	0	0
147	1	12	0	0
148	1	12	0	0
149	1	12	0	0
150	1	12	0	0
151	1	12	0	0
152	1	12	0	0
153	1	12	0	0
154	1	12	0	0
155	1	12	0	0
156	1	12	0	0
157	1	12	0	0
158	1	12	0	0
159	1	12	0	0
160	1	12	0	0
161	1	12	0	0
162	1	12	0	0
163	1	12	0	0
164	1	12	0	0
165	1	12	0	0
166	1	12	0	0
167	1	12	0	0
168	1	12	0	0
169	1	12	0	0
170	1	12	0	0
171	1	12	0	0
172	1	12	0	0
173	1	12	0	0
174	1	12	0	0
175	1	12	0	0
176	1	12	0	0
177	1	12	0	0
178	1	12	0	0
179	1	12	0	0
180	1	12	0	0
181	1	12	0	0
182	1	12	0	0
183	1	12	0	0
184	1	12	0	0
185	1	12	0	0
186	1	12	0	0
187	1	12	0	0
188	1	12	0	0
189	1	12	0	0
190	1	12	0	0
191	1	12	0	0
192	1	12	0	0
193	1	12	0	0
194	1	12	0	0
195	1	12	0	0
196	1	12	0	0
197	1	12	0	0
198	1	12	0	0
199	1	12	0	0
200	1	12	0	0
1	1	13	25	1
2	1	13	20	1
3	1	13	1500	1
4	1	13	10	1
5	1	13	5	1
6	1	13	4	1
7	1	13	9	1
8	1	13	-25	1
9	1	13	2400	1
10	1	13	24	2
11	1	13	25	2
12	1	13	15	2
13	1	13	-15	2
14	1	13	10	2
15	1	13	4	2
16	1	13	5	2
17	1	13	-9	2
18	1	13	3	2
19	1	13	2	2
20	1	13	-13	2
21	1	13	-18	2
22	1	13	23	2
23	1	13	-24	2
24	1	13	22	2
25	1	13	21	2
26	1	13	-21	2
27	1	13	16	2
28	1	13	11	2
29	1	13	6	2
30	1	13	1	2
31	1	13	-6	2
32	1	13	-11	2
33	1	13	-17	2
34	1	13	-16	2
35	1	13	-22	2
36	1	13	-23	2
37	1	13	-13	2
38	1	13	-8	2
39	1	13	-2	2
40	1	13	-4	2
41	1	13	-15	2
42	1	13	-5	2
43	1	13	-25	1
44	1	13	15	1
45	1	13	-10	1
46	1	13	-15	1
47	1	13	-9	1
48	1	13	17	1
49	1	13	18	1
50	1	13	23	1
51	1	13	1200	1
52	1	13	1300	1
53	1	13	19	1
54	1	13	14	1
55	1	13	13	1
56	1	13	1200	1
57	1	13	-13	1
58	1	13	700	1
59	1	13	8	1
60	1	13	7	1
61	1	13	22	1
62	1	13	-23	1
63	1	13	24	1
64	1	13	-25	1
65	1	13	-22	1
66	1	13	16	1
67	1	13	-16	1
68	1	13	11	1
69	1	13	-11	1
70	1	13	6	1
71	1	13	999	1
72	1	13	-23	1
73	1	13	-24	1
74	1	13	-15	1
75	1	13	-9	1
76	1	13	-8	1
77	1	13	-7	1
78	1	13	2	1
79	1	13	-5	1
80	1	13	-10	1
81	1	13	12	1
82	1	13	-16	1
83	1	13	-22	1
84	1	13	21	1
85	1	13	0	0
86	1	13	0	0
87	1	13	0	0
88	1	13	0	0
89	1	13	0	0
90	1	13	0	0
91	1	13	0	0
92	1	13	0	0
93	1	13	0	0
94	1	13	0	0
95	1	13	0	0
96	1	13	0	0
97	1	13	0	0
98	1	13	0	0
99	1	13	0	0
100	1	13	0	0
101	1	13	0	0
102	1	13	0	0
103	1	13	0	0
104	1	13	0	0
105	1	13	0	0
106	1	13	0	0
107	1	13	0	0
108	1	13	0	0
109	1	13	0	0
110	1	13	0	0
111	1	13	0	0
112	1	13	0	0
113	1	13	0	0
114	1	13	0	0
115	1	13	0	0
116	1	13	0	0
117	1	13	0	0
118	1	13	0	0
119	1	13	0	0
120	1	13	0	0
121	1	13	0	0
122	1	13	0	0
123	1	13	0	0
124	1	13	0	0
125	1	13	0	0
126	1	13	0	0
127	1	13	0	0
128	1	13	0	0
129	1	13	0	0
130	1	13	0	0
131	1	13	0	0
132	1	13	0	0
133	1	13	0	0
134	1	13	0	0
135	1	13	0	0
136	1	13	0	0
137	1	13	0	0
138	1	13	0	0
139	1	13	0	0
140	1	13	0	0
141	1	13	0	0
142	1	13	0	0
143	1	13	0	0
144	1	13	0	0
145	1	13	0	0
146	1	13	0	0
147	1	13	0	0
148	1	13	0	0
149	1	13	0	0
150	1	13	0	0
151	1	13	0	0
152	1	13	0	0
153	1	13	0	0
154	1	13	0	0
155	1	13	0	0
156	1	13	0	0
157	1	13	0	0
158	1	13	0	0
159	1	13	0	0
160	1	13	0	0
161	1	13	0	0
162	1	13	0	0
163	1	13	0	0
164	1	13	0	0
165	1	13	0	0
166	1	13	0	0
167	1	13	0	0
168	1	13	0	0
169	1	13	0	0
170	1	13	0	0
171	1	13	0	0
172	1	13	0	0
173	1	13	0	0
174	1	13	0	0
175	1	13	0	0
176	1	13	0	0
177	1	13	0	0
178	1	13	0	0
179	1	13	0	0
180	1	13	0	0
181	1	13	0	0
182	1	13	0	0
183	1	13	0	0
184	1	13	0	0
185	1	13	0	0
186	1	13	0	0
187	1	13	0	0
188	1	13	0	0
189	1	13	0	0
190	1	13	0	0
191	1	13	0	0
192	1	13	0	0
193	1	13	0	0
194	1	13	0	0
195	1	13	0	0
196	1	13	0	0
197	1	13	0	0
198	1	13	0	0
199	1	13	0	0
200	1	13	0	0
1	1	14	25	2
2	1	14	-25	2
3	1	14	20	2
4	1	14	15	2
5	1	14	-14	2
6	1	14	-19	2
7	1	14	10	2
8	1	14	500	2
9	1	14	25	1
10	1	14	20	1
11	1	14	15	1
12	1	14	10	1
13	1	14	5	1
14	1	14	4	1
15	1	14	9	1
16	1	14	23	1
17	1	14	24	1
18	1	14	-25	1
19	1	14	19	1
20	1	14	14	1
21	1	14	13	1
22	1	14	8	1
23	1	14	-9	1
24	1	14	700	1
25	1	14	17	1
26	1	14	18	1
27	1	14	7	1
28	1	14	2100	1
29	1	14	16	1
30	1	14	2100	1
31	1	14	11	1
32	1	14	-23	1
33	1	14	-17	1
34	1	14	-18	1
35	1	14	-13	1
36	1	14	1200	1
37	1	14	-14	1
38	1	14	12	1
39	1	14	-15	1
40	1	14	-5	1
41	1	14	-4	1
42	1	14	3	1
43	1	14	-25	1
44	1	14	-20	1
45	1	14	-19	1
46	1	14	-24	1
47	1	14	-23	1
48	1	14	-18	1
49	1	14	-17	1
50	1	14	-16	1
51	1	14	6	1
52	1	14	1	1
53	1	14	2100	1
54	1	14	22	1
55	1	14	-23	1
56	1	14	-24	1
57	1	14	-19	1
58	1	14	-8	1
59	1	14	-7	1
60	1	14	2	1
61	1	14	-1	1
62	1	14	-6	1
63	1	14	-5	1
64	1	14	-4	1
65	1	14	-10	1
66	1	14	-15	1
67	1	14	-14	1
68	1	14	23	2
69	1	14	24	2
70	1	14	-20	2
71	1	14	-25	2
72	1	14	-10	2
73	1	14	5	2
74	1	14	-23	2
75	1	14	-13	2
76	1	14	-7	2
77	1	14	-15	2
78	1	14	-5	2
79	1	14	400	2
80	1	14	-12	2
81	1	14	1100	2
82	1	14	21	2
83	1	14	-17	2
84	1	14	16	2
85	1	14	22	2
86	1	14	-16	2
87	1	14	11	2
88	1	14	999	2
89	1	14	-22	2
90	1	14	-21	2
91	1	14	-16	2
92	1	14	-17	2
93	1	14	-12	2
94	1	14	-8	2
95	1	14	-9	2
96	1	14	4	2
97	1	14	3	2
98	1	14	2	2
99	1	14	-4	2
100	1	14	-9	2
101	1	14	-14	2
102	1	14	-19	2
103	1	14	-24	2
104	1	14	-25	2
105	1	14	-20	2
106	1	14	0	0
107	1	14	0	0
108	1	14	0	0
109	1	14	0	0
110	1	14	0	0
111	1	14	0	0
112	1	14	0	0
113	1	14	0	0
114	1	14	0	0
115	1	14	0	0
116	1	14	0	0
117	1	14	0	0
118	1	14	0	0
119	1	14	0	0
120	1	14	0	0
121	1	14	0	0
122	1	14	0	0
123	1	14	0	0
124	1	14	0	0
125	1	14	0	0
126	1	14	0	0
127	1	14	0	0
128	1	14	0	0
129	1	14	0	0
130	1	14	0	0
131	1	14	0	0
132	1	14	0	0
133	1	14	0	0
134	1	14	0	0
135	1	14	0	0
136	1	14	0	0
137	1	14	0	0
138	1	14	0	0
139	1	14	0	0
140	1	14	0	0
141	1	14	0	0
142	1	14	0	0
143	1	14	0	0
144	1	14	0	0
145	1	14	0	0
146	1	14	0	0
147	1	14	0	0
148	1	14	0	0
149	1	14	0	0
150	1	14	0	0
151	1	14	0	0
152	1	14	0	0
153	1	14	0	0
154	1	14	0	0
155	1	14	0	0
156	1	14	0	0
157	1	14	0	0
158	1	14	0	0
159	1	14	0	0
160	1	14	0	0
161	1	14	0	0
162	1	14	0	0
163	1	14	0	0
164	1	14	0	0
165	1	14	0	0
166	1	14	0	0
167	1	14	0	0
168	1	14	0	0
169	1	14	0	0
170	1	14	0	0
171	1	14	0	0
172	1	14	0	0
173	1	14	0	0
174	1	14	0	0
175	1	14	0	0
176	1	14	0	0
177	1	14	0	0
178	1	14	0	0
179	1	14	0	0
180	1	14	0	0
181	1	14	0	0
182	1	14	0	0
183	1	14	0	0
184	1	14	0	0
185	1	14	0	0
186	1	14	0	0
187	1	14	0	0
188	1	14	0	0
189	1	14	0	0
190	1	14	0	0
191	1	14	0	0
192	1	14	0	0
193	1	14	0	0
194	1	14	0	0
195	1	14	0	0
196	1	14	0	0
197	1	14	0	0
198	1	14	0	0
199	1	14	0	0
200	1	14	0	0
1	1	15	25	1
2	1	15	1500	1
3	1	15	14	1
4	1	15	15	1
5	1	15	9	1
6	1	15	8	1
7	1	15	13	1
8	1	15	19	1
9	1	15	2400	1
10	1	15	-25	1
11	1	15	20	1
12	1	15	-15	1
13	1	15	10	1
14	1	15	18	1
15	1	15	23	1
16	1	15	-24	1
17	1	15	2200	1
18	1	15	-23	1
19	1	15	2200	1
20	1	15	17	1
21	1	15	12	1
22	1	15	1100	1
23	1	15	-13	1
24	1	15	11	1
25	1	15	2100	1
26	1	15	-12	1
27	1	15	-9	1
28	1	15	-8	1
29	1	15	7	1
30	1	15	4	1
31	1	15	3	1
32	1	15	200	1
33	1	15	-8	1
34	1	15	-14	1
35	1	15	-19	1
36	1	15	-15	1
37	1	15	-20	1
38	1	15	-25	1
39	1	15	25	2
40	1	15	20	2
41	1	15	15	2
42	1	15	10	2
43	1	15	-25	2
44	1	15	-15	2
45	1	15	-9	2
46	1	15	4	2
47	1	15	5	2
48	1	15	-9	2
49	1	15	-8	2
50	1	15	300	2
51	1	15	200	2
52	1	15	3	2
53	1	15	2	2
54	1	15	-17	2
55	1	15	-12	2
56	1	15	11	2
57	1	15	21	2
58	1	15	-21	2
59	1	15	16	2
60	1	15	-17	2
61	1	15	-11	2
62	1	15	600	2
63	1	15	-7	2
64	1	15	6	2
65	1	15	-11	2
66	1	15	1	2
67	1	15	-7	2
68	1	15	-18	2
69	1	15	24	2
70	1	15	-25	2
71	1	15	-10	2
72	1	15	-4	2
73	1	15	23	2
74	1	15	22	2
75	1	15	-16	2
76	1	15	-21	2
77	1	15	-22	2
78	1	15	-23	2
79	1	15	-18	2
80	1	15	99	2
81	1	15	-21	2
82	1	15	2200	1
83	1	15	-23	1
84	1	15	22	1
85	1	15	2100	1
86	1	15	-22	1
87	1	15	-23	1
88	1	15	1600	1
89	1	15	1100	1
90	1	15	-3	1
91	1	15	600	1
92	1	15	2	1
93	1	15	-12	1
94	1	15	-11	1
95	1	15	600	1
96	1	15	5	1
97	1	15	-4	1
98	1	15	-2	1
99	1	15	100	1
100	1	15	-2	1
101	1	15	1	1
102	1	15	-18	1
103	1	15	-23	1
104	1	15	-24	1
105	1	15	-25	1
106	1	15	-15	1
107	1	15	-22	1
108	1	15	21	1
109	1	15	-11	1
110	1	15	6	1
111	1	15	-1	1
112	1	15	-6	1
113	1	15	-11	1
114	1	15	999	1
115	1	15	-23	1
116	1	15	-24	1
117	1	15	-14	1
118	1	15	-7	1
119	1	15	-6	1
120	1	15	-11	1
121	1	15	0	0
122	1	15	0	0
123	1	15	0	0
124	1	15	0	0
125	1	15	0	0
126	1	15	0	0
127	1	15	0	0
128	1	15	0	0
129	1	15	0	0
130	1	15	0	0
131	1	15	0	0
132	1	15	0	0
133	1	15	0	0
134	1	15	0	0
135	1	15	0	0
136	1	15	0	0
137	1	15	0	0
138	1	15	0	0
139	1	15	0	0
140	1	15	0	0
141	1	15	0	0
142	1	15	0	0
143	1	15	0	0
144	1	15	0	0
145	1	15	0	0
146	1	15	0	0
147	1	15	0	0
148	1	15	0	0
149	1	15	0	0
150	1	15	0	0
151	1	15	0	0
152	1	15	0	0
153	1	15	0	0
154	1	15	0	0
155	1	15	0	0
156	1	15	0	0
157	1	15	0	0
158	1	15	0	0
159	1	15	0	0
160	1	15	0	0
161	1	15	0	0
162	1	15	0	0
163	1	15	0	0
164	1	15	0	0
165	1	15	0	0
166	1	15	0	0
167	1	15	0	0
168	1	15	0	0
169	1	15	0	0
170	1	15	0	0
171	1	15	0	0
172	1	15	0	0
173	1	15	0	0
174	1	15	0	0
175	1	15	0	0
176	1	15	0	0
177	1	15	0	0
178	1	15	0	0
179	1	15	0	0
180	1	15	0	0
181	1	15	0	0
182	1	15	0	0
183	1	15	0	0
184	1	15	0	0
185	1	15	0	0
186	1	15	0	0
187	1	15	0	0
188	1	15	0	0
189	1	15	0	0
190	1	15	0	0
191	1	15	0	0
192	1	15	0	0
193	1	15	0	0
194	1	15	0	0
195	1	15	0	0
196	1	15	0	0
197	1	15	0	0
198	1	15	0	0
199	1	15	0	0
200	1	15	0	0
1	1	16	25	2
2	1	16	20	2
3	1	16	15	2
4	1	16	-20	2
5	1	16	-19	2
6	1	16	24	2
7	1	16	23	2
8	1	16	22	2
9	1	16	-15	2
10	1	16	10	2
11	1	16	4	2
12	1	16	5	2
13	1	16	-13	2
14	1	16	-14	2
15	1	16	-9	2
16	1	16	2400	1
17	1	16	25	1
18	1	16	20	1
19	1	16	19	1
20	1	16	15	1
21	1	16	10	1
22	1	16	9	1
23	1	16	5	1
24	1	16	-25	1
25	1	16	-15	1
26	1	16	-5	1
27	1	16	4	1
28	1	16	18	1
29	1	16	13	1
30	1	16	8	1
31	1	16	23	1
32	1	16	-24	1
33	1	16	14	1
34	1	16	-8	1
35	1	16	3	1
36	1	16	-8	1
37	1	16	-18	1
38	1	16	-13	1
39	1	16	12	1
40	1	16	7	1
41	1	16	2	1
42	1	16	22	1
43	1	16	-23	1
44	1	16	-18	1
45	1	16	17	1
46	1	16	-22	1
47	1	16	21	1
48	1	16	16	1
49	1	16	-16	1
50	1	16	11	1
51	1	16	6	1
52	1	16	1	1
53	1	16	-18	1
54	1	16	-19	1
55	1	16	-8	1
56	1	16	-7	1
57	1	16	-2	1
58	1	16	-1	1
59	1	16	-6	1
60	1	16	-11	1
61	1	16	-16	1
62	1	16	-21	1
63	1	16	-10	1
64	1	16	-4	1
65	1	16	-24	2
66	1	16	-23	2
67	1	16	-17	2
68	1	16	1100	2
69	1	16	-12	2
70	1	16	-15	2
71	1	16	1600	2
72	1	16	1100	2
73	1	16	-23	2
74	1	16	-22	2
75	1	16	2100	2
76	1	16	99	2
77	1	16	-24	2
78	1	16	-23	2
79	1	16	-22	2
80	1	16	21	2
81	1	16	11	2
82	1	16	6	2
83	1	16	16	2
84	1	16	-17	2
85	1	16	-11	2
86	1	16	2	2
87	1	16	999	2
88	1	16	-24	2
89	1	16	-25	2
90	1	16	-14	2
91	1	16	-15	2
92	1	16	-9	2
93	1	16	-10	2
94	1	16	-8	2
95	1	16	-7	2
96	1	16	-8	2
97	1	16	3	2
98	1	16	-22	2
99	1	16	-17	2
100	1	16	-12	2
101	1	16	-11	2
102	1	16	-6	2
103	1	16	1	2
104	1	16	0	0
105	1	16	0	0
106	1	16	0	0
107	1	16	0	0
108	1	16	0	0
109	1	16	0	0
110	1	16	0	0
111	1	16	0	0
112	1	16	0	0
113	1	16	0	0
114	1	16	0	0
115	1	16	0	0
116	1	16	0	0
117	1	16	0	0
118	1	16	0	0
119	1	16	0	0
120	1	16	0	0
121	1	16	0	0
122	1	16	0	0
123	1	16	0	0
124	1	16	0	0
125	1	16	0	0
126	1	16	0	0
127	1	16	0	0
128	1	16	0	0
129	1	16	0	0
130	1	16	0	0
131	1	16	0	0
132	1	16	0	0
133	1	16	0	0
134	1	16	0	0
135	1	16	0	0
136	1	16	0	0
137	1	16	0	0
138	1	16	0	0
139	1	16	0	0
140	1	16	0	0
141	1	16	0	0
142	1	16	0	0
143	1	16	0	0
144	1	16	0	0
145	1	16	0	0
146	1	16	0	0
147	1	16	0	0
148	1	16	0	0
149	1	16	0	0
150	1	16	0	0
151	1	16	0	0
152	1	16	0	0
153	1	16	0	0
154	1	16	0	0
155	1	16	0	0
156	1	16	0	0
157	1	16	0	0
158	1	16	0	0
159	1	16	0	0
160	1	16	0	0
161	1	16	0	0
162	1	16	0	0
163	1	16	0	0
164	1	16	0	0
165	1	16	0	0
166	1	16	0	0
167	1	16	0	0
168	1	16	0	0
169	1	16	0	0
170	1	16	0	0
171	1	16	0	0
172	1	16	0	0
173	1	16	0	0
174	1	16	0	0
175	1	16	0	0
176	1	16	0	0
177	1	16	0	0
178	1	16	0	0
179	1	16	0	0
180	1	16	0	0
181	1	16	0	0
182	1	16	0	0
183	1	16	0	0
184	1	16	0	0
185	1	16	0	0
186	1	16	0	0
187	1	16	0	0
188	1	16	0	0
189	1	16	0	0
190	1	16	0	0
191	1	16	0	0
192	1	16	0	0
193	1	16	0	0
194	1	16	0	0
195	1	16	0	0
196	1	16	0	0
197	1	16	0	0
198	1	16	0	0
199	1	16	0	0
200	1	16	0	0
1	2	1	1300	1
2	2	1	8	1
3	2	1	4	1
4	2	1	5	1
5	2	1	20	1
6	2	1	1700	1
7	2	1	18	1
8	2	1	999	1
9	2	1	600	1
10	2	1	200	1
11	2	1	3	1
12	2	1	11	1
13	2	1	1	1
14	2	1	1600	1
15	2	1	21	1
16	2	1	-11	1
17	2	1	600	1
18	2	1	-3	1
19	2	1	2	1
20	2	1	-4	1
21	2	1	9	1
22	2	1	99	1
23	2	1	600	1
24	2	1	100	1
25	2	1	7	1
26	2	1	6	1
27	2	1	-21	1
28	2	1	2200	1
29	2	1	24	1
30	2	1	22	1
31	2	1	-21	1
32	2	1	23	1
33	2	1	-24	1
34	2	1	19	1
35	2	1	-20	1
36	2	1	25	1
37	2	1	14	1
38	2	1	10	1
39	2	1	-4	1
40	2	1	-5	1
41	2	1	-10	1
42	2	1	12	1
43	2	1	999	1
44	2	1	-12	1
45	2	1	17	1
46	2	1	-21	1
47	2	1	99	1
48	2	1	13	1
49	2	1	-8	1
50	2	1	-12	1
51	2	1	-24	1
52	2	1	-23	1
53	2	1	-22	1
54	2	1	-21	1
55	2	1	16	1
56	2	1	-8	2
57	2	1	-9	2
58	2	1	3	2
59	2	1	400	2
60	2	1	5	2
61	2	1	-3	2
62	2	1	4	2
63	2	1	100	2
64	2	1	2	2
65	2	1	1	2
66	2	1	-19	2
67	2	1	-14	2
68	2	1	20	2
69	2	1	-5	2
70	2	1	-4	2
71	2	1	-3	2
72	2	1	-2	2
73	2	1	6	2
74	2	1	16	2
75	2	1	99	2
76	2	1	-13	2
77	2	1	-12	2
78	2	1	1100	2
79	2	1	-12	2
80	2	1	11	2
81	2	1	-1	2
82	2	1	-2	2
83	2	1	-3	2
84	2	1	-5	2
85	2	1	15	2
86	2	1	-20	2
87	2	1	-19	2
88	2	1	-18	2
89	2	1	-17	2
90	2	1	-12	2
91	2	1	21	2
92	2	1	2500	2
93	2	1	2400	2
94	2	1	2300	2
95	2	1	2200	2
96	2	1	-11	2
97	2	1	-16	2
98	2	1	22	2
99	2	1	25	2
100	2	1	-16	1
101	2	1	-17	1
102	2	1	99	1
103	2	1	-25	1
104	2	1	-24	1
105	2	1	-20	1
106	2	1	15	1
107	2	1	-10	1
108	2	1	-8	1
109	2	1	-12	1
110	2	1	0	0
111	2	1	0	0
112	2	1	0	0
113	2	1	0	0
114	2	1	0	0
115	2	1	0	0
116	2	1	0	0
117	2	1	0	0
118	2	1	0	0
119	2	1	0	0
120	2	1	0	0
121	2	1	0	0
122	2	1	0	0
123	2	1	0	0
124	2	1	0	0
125	2	1	0	0
126	2	1	0	0
127	2	1	0	0
128	2	1	0	0
129	2	1	0	0
130	2	1	0	0
131	2	1	0	0
132	2	1	0	0
133	2	1	0	0
134	2	1	0	0
135	2	1	0	0
136	2	1	0	0
137	2	1	0	0
138	2	1	0	0
139	2	1	0	0
140	2	1	0	0
141	2	1	0	0
142	2	1	0	0
143	2	1	0	0
144	2	1	0	0
145	2	1	0	0
146	2	1	0	0
147	2	1	0	0
148	2	1	0	0
149	2	1	0	0
150	2	1	0	0
151	2	1	0	0
152	2	1	0	0
153	2	1	0	0
154	2	1	0	0
155	2	1	0	0
156	2	1	0	0
157	2	1	0	0
158	2	1	0	0
159	2	1	0	0
160	2	1	0	0
161	2	1	0	0
162	2	1	0	0
163	2	1	0	0
164	2	1	0	0
165	2	1	0	0
166	2	1	0	0
167	2	1	0	0
168	2	1	0	0
169	2	1	0	0
170	2	1	0	0
171	2	1	0	0
172	2	1	0	0
173	2	1	0	0
174	2	1	0	0
175	2	1	0	0
176	2	1	0	0
177	2	1	0	0
178	2	1	0	0
179	2	1	0	0
180	2	1	0	0
181	2	1	0	0
182	2	1	0	0
183	2	1	0	0
184	2	1	0	0
185	2	1	0	0
186	2	1	0	0
187	2	1	0	0
188	2	1	0	0
189	2	1	0	0
190	2	1	0	0
191	2	1	0	0
192	2	1	0	0
193	2	1	0	0
194	2	1	0	0
195	2	1	0	0
196	2	1	0	0
197	2	1	0	0
198	2	1	0	0
199	2	1	0	0
200	2	1	0	0
1	2	2	-8	2
2	2	2	4	2
3	2	2	1100	2
4	2	2	-12	2
5	2	2	-13	2
6	2	2	-19	2
7	2	2	20	2
8	2	2	15	2
9	2	2	8	1
10	2	2	4	1
11	2	2	1	1
12	2	2	11	1
13	2	2	1200	1
14	2	2	13	1
15	2	2	15	1
16	2	2	10	1
17	2	2	-4	1
18	2	2	5	1
19	2	2	2	1
20	2	2	-1	1
21	2	2	-2	1
22	2	2	3	1
23	2	2	24	2
24	2	2	25	2
25	2	2	-15	2
26	2	2	-20	2
27	2	2	-25	2
28	2	2	-24	2
29	2	2	1600	2
30	2	2	-17	2
31	2	2	16	2
32	2	2	100	2
33	2	2	2	2
34	2	2	-4	2
35	2	2	5	2
36	2	2	-15	2
37	2	2	1000	2
38	2	2	-14	2
39	2	2	10	2
40	2	2	-17	2
41	2	2	1600	2
42	2	2	1100	2
43	2	2	21	2
44	2	2	11	2
45	2	2	6	2
46	2	2	1	2
47	2	2	-11	2
48	2	2	-16	2
49	2	2	-21	2
50	2	2	22	2
51	2	2	23	2
52	2	2	-24	2
53	2	2	-25	2
54	2	2	-15	2
55	2	2	-14	2
56	2	2	-13	2
57	2	2	-5	2
58	2	2	3	2
59	2	2	-7	2
60	2	2	-6	2
61	2	2	-7	2
62	2	2	-11	2
63	2	2	-16	2
64	2	2	-22	2
65	2	2	-13	1
66	2	2	14	1
67	2	2	9	1
68	2	2	-2	1
69	2	2	6	1
70	2	2	2100	1
71	2	2	22	1
72	2	2	6	1
73	2	2	-22	1
74	2	2	23	1
75	2	2	24	1
76	2	2	-13	1
77	2	2	18	1
78	2	2	1600	1
79	2	2	-11	1
80	2	2	16	1
81	2	2	1700	1
82	2	2	-22	1
83	2	2	-17	1
84	2	2	20	1
85	2	2	-20	1
86	2	2	25	1
87	2	2	-25	1
88	2	2	-24	1
89	2	2	19	1
90	2	2	-23	1
91	2	2	-22	1
92	2	2	2100	1
93	2	2	-22	1
94	2	2	21	1
95	2	2	-20	2
96	2	2	-15	2
97	2	2	-16	2
98	2	2	-21	2
99	2	2	0	0
100	2	2	0	0
101	2	2	0	0
102	2	2	0	0
103	2	2	0	0
104	2	2	0	0
105	2	2	0	0
106	2	2	0	0
107	2	2	0	0
108	2	2	0	0
109	2	2	0	0
110	2	2	0	0
111	2	2	0	0
112	2	2	0	0
113	2	2	0	0
114	2	2	0	0
115	2	2	0	0
116	2	2	0	0
117	2	2	0	0
118	2	2	0	0
119	2	2	0	0
120	2	2	0	0
121	2	2	0	0
122	2	2	0	0
123	2	2	0	0
124	2	2	0	0
125	2	2	0	0
126	2	2	0	0
127	2	2	0	0
128	2	2	0	0
129	2	2	0	0
130	2	2	0	0
131	2	2	0	0
132	2	2	0	0
133	2	2	0	0
134	2	2	0	0
135	2	2	0	0
136	2	2	0	0
137	2	2	0	0
138	2	2	0	0
139	2	2	0	0
140	2	2	0	0
141	2	2	0	0
142	2	2	0	0
143	2	2	0	0
144	2	2	0	0
145	2	2	0	0
146	2	2	0	0
147	2	2	0	0
148	2	2	0	0
149	2	2	0	0
150	2	2	0	0
151	2	2	0	0
152	2	2	0	0
153	2	2	0	0
154	2	2	0	0
155	2	2	0	0
156	2	2	0	0
157	2	2	0	0
158	2	2	0	0
159	2	2	0	0
160	2	2	0	0
161	2	2	0	0
162	2	2	0	0
163	2	2	0	0
164	2	2	0	0
165	2	2	0	0
166	2	2	0	0
167	2	2	0	0
168	2	2	0	0
169	2	2	0	0
170	2	2	0	0
171	2	2	0	0
172	2	2	0	0
173	2	2	0	0
174	2	2	0	0
175	2	2	0	0
176	2	2	0	0
177	2	2	0	0
178	2	2	0	0
179	2	2	0	0
180	2	2	0	0
181	2	2	0	0
182	2	2	0	0
183	2	2	0	0
184	2	2	0	0
185	2	2	0	0
186	2	2	0	0
187	2	2	0	0
188	2	2	0	0
189	2	2	0	0
190	2	2	0	0
191	2	2	0	0
192	2	2	0	0
193	2	2	0	0
194	2	2	0	0
195	2	2	0	0
196	2	2	0	0
197	2	2	0	0
198	2	2	0	0
199	2	2	0	0
200	2	2	0	0
1	2	3	-14	2
2	2	3	-19	2
3	2	3	-14	2
4	2	3	24	2
5	2	3	99	2
6	2	3	-12	2
7	2	3	-17	2
8	2	3	22	2
9	2	3	-8	2
10	2	3	-7	2
11	2	3	400	2
12	2	3	5	2
13	2	3	10	2
14	2	3	99	2
15	2	3	-12	2
16	2	3	-13	2
17	2	3	-18	2
18	2	3	-22	2
19	2	3	21	2
20	2	3	9	1
21	2	3	200	1
22	2	3	3	1
23	2	3	2	1
24	2	3	4	1
25	2	3	5	1
26	2	3	-2	1
27	2	3	1	1
28	2	3	-14	2
29	2	3	-19	2
30	2	3	2000	2
31	2	3	25	2
32	2	3	-25	2
33	2	3	20	2
34	2	3	-20	2
35	2	3	15	2
36	2	3	-5	2
37	2	3	400	2
38	2	3	-15	2
39	2	3	-19	2
40	2	3	-24	2
41	2	3	-25	2
42	2	3	-22	2
43	2	3	23	2
44	2	3	11	2
45	2	3	100	2
46	2	3	3	2
47	2	3	2	2
48	2	3	600	2
49	2	3	-11	2
50	2	3	100	2
51	2	3	99	2
52	2	3	100	2
53	2	3	-2	2
54	2	3	1	2
55	2	3	999	2
56	2	3	-19	2
57	2	3	-24	2
58	2	3	-5	2
59	2	3	-10	2
60	2	3	-11	2
61	2	3	-12	2
62	2	3	-7	2
63	2	3	-8	2
64	2	3	1700	1
65	2	3	18	1
66	2	3	17	1
67	2	3	16	1
68	2	3	13	1
69	2	3	15	1
70	2	3	14	1
71	2	3	10	1
72	2	3	-4	1
73	2	3	-5	1
74	2	3	-3	1
75	2	3	12	1
76	2	3	7	1
77	2	3	20	1
78	2	3	25	1
79	2	3	19	1
80	2	3	-15	1
81	2	3	-20	1
82	2	3	2400	1
83	2	3	-25	1
84	2	3	24	1
85	2	3	11	1
86	2	3	-17	1
87	2	3	-18	1
88	2	3	-14	1
89	2	3	-7	1
90	2	3	-11	1
91	2	3	-16	1
92	2	3	2100	1
93	2	3	22	1
94	2	3	21	1
95	2	3	600	1
96	2	3	-7	1
97	2	3	-8	1
98	2	3	-3	1
99	2	3	-4	1
100	2	3	-18	1
101	2	3	0	0
102	2	3	0	0
103	2	3	0	0
104	2	3	0	0
105	2	3	0	0
106	2	3	0	0
107	2	3	0	0
108	2	3	0	0
109	2	3	0	0
110	2	3	0	0
111	2	3	0	0
112	2	3	0	0
113	2	3	0	0
114	2	3	0	0
115	2	3	0	0
116	2	3	0	0
117	2	3	0	0
118	2	3	0	0
119	2	3	0	0
120	2	3	0	0
121	2	3	0	0
122	2	3	0	0
123	2	3	0	0
124	2	3	0	0
125	2	3	0	0
126	2	3	0	0
127	2	3	0	0
128	2	3	0	0
129	2	3	0	0
130	2	3	0	0
131	2	3	0	0
132	2	3	0	0
133	2	3	0	0
134	2	3	0	0
135	2	3	0	0
136	2	3	0	0
137	2	3	0	0
138	2	3	0	0
139	2	3	0	0
140	2	3	0	0
141	2	3	0	0
142	2	3	0	0
143	2	3	0	0
144	2	3	0	0
145	2	3	0	0
146	2	3	0	0
147	2	3	0	0
148	2	3	0	0
149	2	3	0	0
150	2	3	0	0
151	2	3	0	0
152	2	3	0	0
153	2	3	0	0
154	2	3	0	0
155	2	3	0	0
156	2	3	0	0
157	2	3	0	0
158	2	3	0	0
159	2	3	0	0
160	2	3	0	0
161	2	3	0	0
162	2	3	0	0
163	2	3	0	0
164	2	3	0	0
165	2	3	0	0
166	2	3	0	0
167	2	3	0	0
168	2	3	0	0
169	2	3	0	0
170	2	3	0	0
171	2	3	0	0
172	2	3	0	0
173	2	3	0	0
174	2	3	0	0
175	2	3	0	0
176	2	3	0	0
177	2	3	0	0
178	2	3	0	0
179	2	3	0	0
180	2	3	0	0
181	2	3	0	0
182	2	3	0	0
183	2	3	0	0
184	2	3	0	0
185	2	3	0	0
186	2	3	0	0
187	2	3	0	0
188	2	3	0	0
189	2	3	0	0
190	2	3	0	0
191	2	3	0	0
192	2	3	0	0
193	2	3	0	0
194	2	3	0	0
195	2	3	0	0
196	2	3	0	0
197	2	3	0	0
198	2	3	0	0
199	2	3	0	0
200	2	3	0	0
1	2	4	1300	1
2	2	4	8	1
3	2	4	4	1
4	2	4	5	1
5	2	4	20	1
6	2	4	1700	1
7	2	4	18	1
8	2	4	999	1
9	2	4	600	1
10	2	4	200	1
11	2	4	3	1
12	2	4	11	1
13	2	4	1	1
14	2	4	1600	1
15	2	4	21	1
16	2	4	-11	1
17	2	4	600	1
18	2	4	-3	1
19	2	4	2	1
20	2	4	-4	1
21	2	4	9	1
22	2	4	99	1
23	2	4	600	1
24	2	4	100	1
25	2	4	-2	1
26	2	4	7	1
27	2	4	6	1
28	2	4	-21	1
29	2	4	2200	1
30	2	4	24	1
31	2	4	22	1
32	2	4	-21	1
33	2	4	23	1
34	2	4	-24	1
35	2	4	19	1
36	2	4	-20	1
37	2	4	25	1
38	2	4	14	1
39	2	4	10	1
40	2	4	-4	1
41	2	4	-5	1
42	2	4	-10	1
43	2	4	12	1
44	2	4	999	1
45	2	4	-12	1
46	2	4	17	1
47	2	4	-21	1
48	2	4	99	1
49	2	4	13	1
50	2	4	-8	1
51	2	4	-12	1
52	2	4	-24	1
53	2	4	-23	1
54	2	4	-22	1
55	2	4	-21	1
56	2	4	16	1
57	2	4	-8	2
58	2	4	-9	2
59	2	4	3	2
60	2	4	400	2
61	2	4	5	2
62	2	4	-3	2
63	2	4	4	2
64	2	4	100	2
65	2	4	2	2
66	2	4	1	2
67	2	4	-13	2
68	2	4	-19	2
69	2	4	-14	2
70	2	4	20	2
71	2	4	-5	2
72	2	4	-4	2
73	2	4	-3	2
74	2	4	-2	2
75	2	4	6	2
76	2	4	16	2
77	2	4	-13	2
78	2	4	1100	2
79	2	4	-12	2
80	2	4	11	2
81	2	4	-1	2
82	2	4	-2	2
83	2	4	-3	2
84	2	4	-4	2
85	2	4	-5	2
86	2	4	15	2
87	2	4	-20	2
88	2	4	-19	2
89	2	4	-18	2
90	2	4	-17	2
91	2	4	-16	2
92	2	4	21	2
93	2	4	2500	2
94	2	4	2400	2
95	2	4	2300	2
96	2	4	2200	2
97	2	4	-11	2
98	2	4	-16	2
99	2	4	22	2
100	2	4	25	2
101	2	4	-16	1
102	2	4	-17	1
103	2	4	99	1
104	2	4	-25	1
105	2	4	-24	1
106	2	4	-20	1
107	2	4	15	1
108	2	4	-10	1
109	2	4	-8	1
110	2	4	-12	1
111	2	4	0	0
112	2	4	0	0
113	2	4	0	0
114	2	4	0	0
115	2	4	0	0
116	2	4	0	0
117	2	4	0	0
118	2	4	0	0
119	2	4	0	0
120	2	4	0	0
121	2	4	0	0
122	2	4	0	0
123	2	4	0	0
124	2	4	0	0
125	2	4	0	0
126	2	4	0	0
127	2	4	0	0
128	2	4	0	0
129	2	4	0	0
130	2	4	0	0
131	2	4	0	0
132	2	4	0	0
133	2	4	0	0
134	2	4	0	0
135	2	4	0	0
136	2	4	0	0
137	2	4	0	0
138	2	4	0	0
139	2	4	0	0
140	2	4	0	0
141	2	4	0	0
142	2	4	0	0
143	2	4	0	0
144	2	4	0	0
145	2	4	0	0
146	2	4	0	0
147	2	4	0	0
148	2	4	0	0
149	2	4	0	0
150	2	4	0	0
151	2	4	0	0
152	2	4	0	0
153	2	4	0	0
154	2	4	0	0
155	2	4	0	0
156	2	4	0	0
157	2	4	0	0
158	2	4	0	0
159	2	4	0	0
160	2	4	0	0
161	2	4	0	0
162	2	4	0	0
163	2	4	0	0
164	2	4	0	0
165	2	4	0	0
166	2	4	0	0
167	2	4	0	0
168	2	4	0	0
169	2	4	0	0
170	2	4	0	0
171	2	4	0	0
172	2	4	0	0
173	2	4	0	0
174	2	4	0	0
175	2	4	0	0
176	2	4	0	0
177	2	4	0	0
178	2	4	0	0
179	2	4	0	0
180	2	4	0	0
181	2	4	0	0
182	2	4	0	0
183	2	4	0	0
184	2	4	0	0
185	2	4	0	0
186	2	4	0	0
187	2	4	0	0
188	2	4	0	0
189	2	4	0	0
190	2	4	0	0
191	2	4	0	0
192	2	4	0	0
193	2	4	0	0
194	2	4	0	0
195	2	4	0	0
196	2	4	0	0
197	2	4	0	0
198	2	4	0	0
199	2	4	0	0
200	2	4	0	0
1	2	5	400	2
2	2	5	99	2
3	2	5	4	2
4	2	5	1100	2
5	2	5	-12	2
6	2	5	-13	2
7	2	5	-19	2
8	2	5	20	2
9	2	5	15	2
10	2	5	8	1
11	2	5	4	1
12	2	5	1	1
13	2	5	11	1
14	2	5	1200	1
15	2	5	13	1
16	2	5	15	1
17	2	5	10	1
18	2	5	-4	1
19	2	5	5	1
20	2	5	2	1
21	2	5	-1	1
22	2	5	-2	1
23	2	5	3	1
24	2	5	24	2
25	2	5	25	2
26	2	5	-15	2
27	2	5	-20	2
28	2	5	-25	2
29	2	5	-24	2
30	2	5	1600	2
31	2	5	-17	2
32	2	5	16	2
33	2	5	100	2
34	2	5	2	2
35	2	5	-4	2
36	2	5	5	2
37	2	5	-15	2
38	2	5	1000	2
39	2	5	-14	2
40	2	5	10	2
41	2	5	-17	2
42	2	5	-16	2
43	2	5	21	2
44	2	5	11	2
45	2	5	6	2
46	2	5	1	2
47	2	5	-11	2
48	2	5	-16	2
49	2	5	-21	2
50	2	5	22	2
51	2	5	23	2
52	2	5	-24	2
53	2	5	-25	2
54	2	5	-15	2
55	2	5	-14	2
56	2	5	-13	2
57	2	5	-5	2
58	2	5	3	2
59	2	5	-6	2
60	2	5	-7	2
61	2	5	-11	2
62	2	5	-16	2
63	2	5	-13	1
64	2	5	14	1
65	2	5	9	1
66	2	5	-2	1
67	2	5	600	1
68	2	5	2100	1
69	2	5	22	1
70	2	5	6	1
71	2	5	-22	1
72	2	5	23	1
73	2	5	24	1
74	2	5	-13	1
75	2	5	18	1
76	2	5	1600	1
77	2	5	-11	1
78	2	5	16	1
79	2	5	1700	1
80	2	5	-23	1
81	2	5	17	1
82	2	5	20	1
83	2	5	-20	1
84	2	5	25	1
85	2	5	-25	1
86	2	5	-24	1
87	2	5	19	1
88	2	5	-23	1
89	2	5	-22	1
90	2	5	2100	1
91	2	5	99	1
92	2	5	-22	1
93	2	5	21	1
94	2	5	-20	2
95	2	5	-15	2
96	2	5	-16	2
97	2	5	-21	2
98	2	5	0	0
99	2	5	0	0
100	2	5	0	0
101	2	5	0	0
102	2	5	0	0
103	2	5	0	0
104	2	5	0	0
105	2	5	0	0
106	2	5	0	0
107	2	5	0	0
108	2	5	0	0
109	2	5	0	0
110	2	5	0	0
111	2	5	0	0
112	2	5	0	0
113	2	5	0	0
114	2	5	0	0
115	2	5	0	0
116	2	5	0	0
117	2	5	0	0
118	2	5	0	0
119	2	5	0	0
120	2	5	0	0
121	2	5	0	0
122	2	5	0	0
123	2	5	0	0
124	2	5	0	0
125	2	5	0	0
126	2	5	0	0
127	2	5	0	0
128	2	5	0	0
129	2	5	0	0
130	2	5	0	0
131	2	5	0	0
132	2	5	0	0
133	2	5	0	0
134	2	5	0	0
135	2	5	0	0
136	2	5	0	0
137	2	5	0	0
138	2	5	0	0
139	2	5	0	0
140	2	5	0	0
141	2	5	0	0
142	2	5	0	0
143	2	5	0	0
144	2	5	0	0
145	2	5	0	0
146	2	5	0	0
147	2	5	0	0
148	2	5	0	0
149	2	5	0	0
150	2	5	0	0
151	2	5	0	0
152	2	5	0	0
153	2	5	0	0
154	2	5	0	0
155	2	5	0	0
156	2	5	0	0
157	2	5	0	0
158	2	5	0	0
159	2	5	0	0
160	2	5	0	0
161	2	5	0	0
162	2	5	0	0
163	2	5	0	0
164	2	5	0	0
165	2	5	0	0
166	2	5	0	0
167	2	5	0	0
168	2	5	0	0
169	2	5	0	0
170	2	5	0	0
171	2	5	0	0
172	2	5	0	0
173	2	5	0	0
174	2	5	0	0
175	2	5	0	0
176	2	5	0	0
177	2	5	0	0
178	2	5	0	0
179	2	5	0	0
180	2	5	0	0
181	2	5	0	0
182	2	5	0	0
183	2	5	0	0
184	2	5	0	0
185	2	5	0	0
186	2	5	0	0
187	2	5	0	0
188	2	5	0	0
189	2	5	0	0
190	2	5	0	0
191	2	5	0	0
192	2	5	0	0
193	2	5	0	0
194	2	5	0	0
195	2	5	0	0
196	2	5	0	0
197	2	5	0	0
198	2	5	0	0
199	2	5	0	0
200	2	5	0	0
1	2	6	1400	1
2	2	6	900	1
3	2	6	10	1
4	2	6	9	1
5	2	6	99	1
6	2	6	1800	1
7	2	6	19	1
8	2	6	25	1
9	2	6	21	1
10	2	6	11	1
11	2	6	6	1
12	2	6	1	1
13	2	6	4	1
14	2	6	3	1
15	2	6	-9	1
16	2	6	1300	1
17	2	6	14	1
18	2	6	8	1
19	2	6	18	1
20	2	6	99	1
21	2	6	-25	1
22	2	6	20	1
23	2	6	24	1
24	2	6	13	1
25	2	6	-14	1
26	2	6	15	1
27	2	6	7	1
28	2	6	1700	1
29	2	6	1600	1
30	2	6	-21	1
31	2	6	99	1
32	2	6	-13	1
33	2	6	-7	1
34	2	6	-8	1
35	2	6	2	1
36	2	6	99	1
37	2	6	-1	1
38	2	6	-2	1
39	2	6	-3	1
40	2	6	-7	1
41	2	6	-11	1
42	2	6	-21	1
43	2	6	16	1
44	2	6	17	1
45	2	6	-13	2
46	2	6	-14	2
47	2	6	15	2
48	2	6	-12	2
49	2	6	11	2
50	2	6	600	2
51	2	6	-7	2
52	2	6	-8	2
53	2	6	-18	2
54	2	6	2200	2
55	2	6	23	2
56	2	6	25	2
57	2	6	20	2
58	2	6	4	2
59	2	6	16	2
60	2	6	-11	2
61	2	6	-12	2
62	2	6	6	2
63	2	6	2	2
64	2	6	1	2
65	2	6	-16	2
66	2	6	21	2
67	2	6	2200	2
68	2	6	-23	2
69	2	6	22	2
70	2	6	-20	2
71	2	6	-25	2
72	2	6	-18	2
73	2	6	24	2
74	2	6	-9	2
75	2	6	10	2
76	2	6	-4	2
77	2	6	-2	2
78	2	6	3	2
79	2	6	-18	1
80	2	6	-19	1
81	2	6	-20	1
82	2	6	-25	1
83	2	6	-24	1
84	2	6	23	1
85	2	6	12	1
86	2	6	-2	1
87	2	6	-3	1
88	2	6	-8	1
89	2	6	-17	1
90	2	6	22	1
91	2	6	-21	1
92	2	6	-16	1
93	2	6	-17	1
94	2	6	-22	1
95	2	6	0	0
96	2	6	0	0
97	2	6	0	0
98	2	6	0	0
99	2	6	0	0
100	2	6	0	0
101	2	6	0	0
102	2	6	0	0
103	2	6	0	0
104	2	6	0	0
105	2	6	0	0
106	2	6	0	0
107	2	6	0	0
108	2	6	0	0
109	2	6	0	0
110	2	6	0	0
111	2	6	0	0
112	2	6	0	0
113	2	6	0	0
114	2	6	0	0
115	2	6	0	0
116	2	6	0	0
117	2	6	0	0
118	2	6	0	0
119	2	6	0	0
120	2	6	0	0
121	2	6	0	0
122	2	6	0	0
123	2	6	0	0
124	2	6	0	0
125	2	6	0	0
126	2	6	0	0
127	2	6	0	0
128	2	6	0	0
129	2	6	0	0
130	2	6	0	0
131	2	6	0	0
132	2	6	0	0
133	2	6	0	0
134	2	6	0	0
135	2	6	0	0
136	2	6	0	0
137	2	6	0	0
138	2	6	0	0
139	2	6	0	0
140	2	6	0	0
141	2	6	0	0
142	2	6	0	0
143	2	6	0	0
144	2	6	0	0
145	2	6	0	0
146	2	6	0	0
147	2	6	0	0
148	2	6	0	0
149	2	6	0	0
150	2	6	0	0
151	2	6	0	0
152	2	6	0	0
153	2	6	0	0
154	2	6	0	0
155	2	6	0	0
156	2	6	0	0
157	2	6	0	0
158	2	6	0	0
159	2	6	0	0
160	2	6	0	0
161	2	6	0	0
162	2	6	0	0
163	2	6	0	0
164	2	6	0	0
165	2	6	0	0
166	2	6	0	0
167	2	6	0	0
168	2	6	0	0
169	2	6	0	0
170	2	6	0	0
171	2	6	0	0
172	2	6	0	0
173	2	6	0	0
174	2	6	0	0
175	2	6	0	0
176	2	6	0	0
177	2	6	0	0
178	2	6	0	0
179	2	6	0	0
180	2	6	0	0
181	2	6	0	0
182	2	6	0	0
183	2	6	0	0
184	2	6	0	0
185	2	6	0	0
186	2	6	0	0
187	2	6	0	0
188	2	6	0	0
189	2	6	0	0
190	2	6	0	0
191	2	6	0	0
192	2	6	0	0
193	2	6	0	0
194	2	6	0	0
195	2	6	0	0
196	2	6	0	0
197	2	6	0	0
198	2	6	0	0
199	2	6	0	0
200	2	6	0	0
1	2	7	-19	2
2	2	7	-18	2
3	2	7	1600	2
4	2	7	25	2
5	2	7	99	2
6	2	7	-25	2
7	2	7	20	2
8	2	7	15	2
9	2	7	10	2
10	2	7	2100	2
11	2	7	16	2
12	2	7	6	2
13	2	7	1	2
14	2	7	2	2
15	2	7	3	2
16	2	7	4	2
17	2	7	-8	2
18	2	7	-9	2
19	2	7	-15	2
20	2	7	-14	2
21	2	7	-18	2
22	2	7	-17	2
23	2	7	-16	2
24	2	7	11	2
25	2	7	99	2
26	2	7	-6	2
27	2	7	-7	2
28	2	7	-1	2
29	2	7	-2	2
30	2	7	14	1
31	2	7	9	1
32	2	7	500	1
33	2	7	1000	1
34	2	7	5	1
35	2	7	10	1
36	2	7	25	1
37	2	7	20	1
38	2	7	15	1
39	2	7	7	1
40	2	7	6	1
41	2	7	99	1
42	2	7	1100	1
43	2	7	16	1
44	2	7	11	1
45	2	7	-6	1
46	2	7	1	1
47	2	7	2	1
48	2	7	3	1
49	2	7	-5	1
50	2	7	4	1
51	2	7	18	1
52	2	7	13	1
53	2	7	-14	1
54	2	7	-15	1
55	2	7	-20	1
56	2	7	19	1
57	2	7	12	1
58	2	7	-16	1
59	2	7	2100	1
60	2	7	17	1
61	2	7	2100	1
62	2	7	22	1
63	2	7	21	1
64	2	7	23	1
65	2	7	-11	1
66	2	7	-12	1
67	2	7	-18	1
68	2	7	-13	1
69	2	7	-14	1
70	2	7	-18	1
71	2	7	-19	1
72	2	7	-25	1
73	2	7	24	1
74	2	7	-3	2
75	2	7	-7	2
76	2	7	-12	2
77	2	7	-17	2
78	2	7	-16	2
79	2	7	22	2
80	2	7	-22	2
81	2	7	21	2
82	2	7	2300	2
83	2	7	24	2
84	2	7	-25	2
85	2	7	-24	2
86	2	7	23	2
87	2	7	-15	2
88	2	7	-14	2
89	2	7	-10	2
90	2	7	5	2
91	2	7	-4	2
92	2	7	-3	2
93	2	7	-7	2
94	2	7	-8	2
95	2	7	-13	2
96	2	7	-14	2
97	2	7	-18	2
98	2	7	-22	2
99	2	7	0	0
100	2	7	0	0
101	2	7	0	0
102	2	7	0	0
103	2	7	0	0
104	2	7	0	0
105	2	7	0	0
106	2	7	0	0
107	2	7	0	0
108	2	7	0	0
109	2	7	0	0
110	2	7	0	0
111	2	7	0	0
112	2	7	0	0
113	2	7	0	0
114	2	7	0	0
115	2	7	0	0
116	2	7	0	0
117	2	7	0	0
118	2	7	0	0
119	2	7	0	0
120	2	7	0	0
121	2	7	0	0
122	2	7	0	0
123	2	7	0	0
124	2	7	0	0
125	2	7	0	0
126	2	7	0	0
127	2	7	0	0
128	2	7	0	0
129	2	7	0	0
130	2	7	0	0
131	2	7	0	0
132	2	7	0	0
133	2	7	0	0
134	2	7	0	0
135	2	7	0	0
136	2	7	0	0
137	2	7	0	0
138	2	7	0	0
139	2	7	0	0
140	2	7	0	0
141	2	7	0	0
142	2	7	0	0
143	2	7	0	0
144	2	7	0	0
145	2	7	0	0
146	2	7	0	0
147	2	7	0	0
148	2	7	0	0
149	2	7	0	0
150	2	7	0	0
151	2	7	0	0
152	2	7	0	0
153	2	7	0	0
154	2	7	0	0
155	2	7	0	0
156	2	7	0	0
157	2	7	0	0
158	2	7	0	0
159	2	7	0	0
160	2	7	0	0
161	2	7	0	0
162	2	7	0	0
163	2	7	0	0
164	2	7	0	0
165	2	7	0	0
166	2	7	0	0
167	2	7	0	0
168	2	7	0	0
169	2	7	0	0
170	2	7	0	0
171	2	7	0	0
172	2	7	0	0
173	2	7	0	0
174	2	7	0	0
175	2	7	0	0
176	2	7	0	0
177	2	7	0	0
178	2	7	0	0
179	2	7	0	0
180	2	7	0	0
181	2	7	0	0
182	2	7	0	0
183	2	7	0	0
184	2	7	0	0
185	2	7	0	0
186	2	7	0	0
187	2	7	0	0
188	2	7	0	0
189	2	7	0	0
190	2	7	0	0
191	2	7	0	0
192	2	7	0	0
193	2	7	0	0
194	2	7	0	0
195	2	7	0	0
196	2	7	0	0
197	2	7	0	0
198	2	7	0	0
199	2	7	0	0
200	2	7	0	0
1	2	8	13	1
2	2	8	99	1
3	2	8	10	1
4	2	8	99	1
5	2	8	5	1
6	2	8	15	1
7	2	8	25	1
8	2	8	18	1
9	2	8	7	1
10	2	8	2100	1
11	2	8	12	1
12	2	8	9	1
13	2	8	4	1
14	2	8	-5	1
15	2	8	-10	1
16	2	8	-15	1
17	2	8	20	1
18	2	8	19	1
19	2	8	14	1
20	2	8	-4	1
21	2	8	8	1
22	2	8	99	1
23	2	8	2200	1
24	2	8	23	1
25	2	8	24	1
26	2	8	-14	1
27	2	8	-13	1
28	2	8	-12	1
29	2	8	1700	1
30	2	8	-18	1
31	2	8	17	1
32	2	8	1	1
33	2	8	200	1
34	2	8	3	1
35	2	8	-4	1
36	2	8	-3	1
37	2	8	-7	1
38	2	8	2	1
39	2	8	-1	1
40	2	8	6	1
41	2	8	2200	1
42	2	8	-23	1
43	2	8	-24	1
44	2	8	22	1
45	2	8	-2	1
46	2	8	-6	1
47	2	8	-12	1
48	2	8	11	1
49	2	8	16	1
50	2	8	2100	1
51	2	8	-16	1
52	2	8	-17	1
53	2	8	-23	1
54	2	8	-22	1
55	2	8	21	1
56	2	8	-9	2
57	2	8	10	2
58	2	8	5	2
59	2	8	200	2
60	2	8	3	2
61	2	8	100	2
62	2	8	2	2
63	2	8	4	2
64	2	8	1	2
65	2	8	6	2
66	2	8	25	2
67	2	8	-19	2
68	2	8	-20	2
69	2	8	15	2
70	2	8	-18	2
71	2	8	23	2
72	2	8	1100	2
73	2	8	-12	2
74	2	8	11	2
75	2	8	16	2
76	2	8	2100	2
77	2	8	2200	2
78	2	8	-18	2
79	2	8	-20	2
80	2	8	24	2
81	2	8	-23	2
82	2	8	22	2
83	2	8	-16	2
84	2	8	-17	2
85	2	8	2100	2
86	2	8	-7	2
87	2	8	-8	2
88	2	8	-4	2
89	2	8	-5	2
90	2	8	-10	2
91	2	8	-15	2
92	2	8	-20	2
93	2	8	-19	2
94	2	8	-25	2
95	2	8	-24	2
96	2	8	-23	2
97	2	8	-22	2
98	2	8	21	2
99	2	8	-24	1
100	2	8	-23	1
101	2	8	-22	1
102	2	8	-8	1
103	2	8	-2	1
104	2	8	-3	1
105	2	8	0	0
106	2	8	0	0
107	2	8	0	0
108	2	8	0	0
109	2	8	0	0
110	2	8	0	0
111	2	8	0	0
112	2	8	0	0
113	2	8	0	0
114	2	8	0	0
115	2	8	0	0
116	2	8	0	0
117	2	8	0	0
118	2	8	0	0
119	2	8	0	0
120	2	8	0	0
121	2	8	0	0
122	2	8	0	0
123	2	8	0	0
124	2	8	0	0
125	2	8	0	0
126	2	8	0	0
127	2	8	0	0
128	2	8	0	0
129	2	8	0	0
130	2	8	0	0
131	2	8	0	0
132	2	8	0	0
133	2	8	0	0
134	2	8	0	0
135	2	8	0	0
136	2	8	0	0
137	2	8	0	0
138	2	8	0	0
139	2	8	0	0
140	2	8	0	0
141	2	8	0	0
142	2	8	0	0
143	2	8	0	0
144	2	8	0	0
145	2	8	0	0
146	2	8	0	0
147	2	8	0	0
148	2	8	0	0
149	2	8	0	0
150	2	8	0	0
151	2	8	0	0
152	2	8	0	0
153	2	8	0	0
154	2	8	0	0
155	2	8	0	0
156	2	8	0	0
157	2	8	0	0
158	2	8	0	0
159	2	8	0	0
160	2	8	0	0
161	2	8	0	0
162	2	8	0	0
163	2	8	0	0
164	2	8	0	0
165	2	8	0	0
166	2	8	0	0
167	2	8	0	0
168	2	8	0	0
169	2	8	0	0
170	2	8	0	0
171	2	8	0	0
172	2	8	0	0
173	2	8	0	0
174	2	8	0	0
175	2	8	0	0
176	2	8	0	0
177	2	8	0	0
178	2	8	0	0
179	2	8	0	0
180	2	8	0	0
181	2	8	0	0
182	2	8	0	0
183	2	8	0	0
184	2	8	0	0
185	2	8	0	0
186	2	8	0	0
187	2	8	0	0
188	2	8	0	0
189	2	8	0	0
190	2	8	0	0
191	2	8	0	0
192	2	8	0	0
193	2	8	0	0
194	2	8	0	0
195	2	8	0	0
196	2	8	0	0
197	2	8	0	0
198	2	8	0	0
199	2	8	0	0
200	2	8	0	0
1	2	9	14	1
2	2	9	15	1
3	2	9	99	1
4	2	9	5	1
5	2	9	4	1
6	2	9	3	1
7	2	9	2	1
8	2	9	-15	1
9	2	9	20	1
10	2	9	999	1
11	2	9	25	1
12	2	9	22	1
13	2	9	13	1
14	2	9	8	1
15	2	9	-14	1
16	2	9	99	1
17	2	9	-4	1
18	2	9	-5	1
19	2	9	10	1
20	2	9	-15	1
21	2	9	-20	1
22	2	9	-25	1
23	2	9	24	1
24	2	9	-24	1
25	2	9	17	1
26	2	9	16	1
27	2	9	1100	1
28	2	9	600	1
29	2	9	-2	1
30	2	9	1	1
31	2	9	6	1
32	2	9	-16	1
33	2	9	21	1
34	2	9	11	1
35	2	9	12	1
36	2	9	7	1
37	2	9	2	2
38	2	9	3	2
39	2	9	4	2
40	2	9	10	2
41	2	9	20	2
42	2	9	15	2
43	2	9	-10	2
44	2	9	-15	2
45	2	9	-14	2
46	2	9	-18	2
47	2	9	-19	2
48	2	9	-20	2
49	2	9	25	2
50	2	9	23	2
51	2	9	-12	2
52	2	9	-13	2
53	2	9	-9	2
54	2	9	-10	2
55	2	9	-2	2
56	2	9	-3	2
57	2	9	6	2
58	2	9	-25	1
59	2	9	-24	1
60	2	9	23	1
61	2	9	18	1
62	2	9	-8	1
63	2	9	-17	1
64	2	9	-22	1
65	2	9	-23	1
66	2	9	-21	1
67	2	9	-16	1
68	2	9	19	1
69	2	9	-5	1
70	2	9	900	1
71	2	9	-10	1
72	2	9	9	1
73	2	9	-25	1
74	2	9	-24	1
75	2	9	-20	1
76	2	9	0	0
77	2	9	0	0
78	2	9	0	0
79	2	9	0	0
80	2	9	0	0
81	2	9	0	0
82	2	9	0	0
83	2	9	0	0
84	2	9	0	0
85	2	9	0	0
86	2	9	0	0
87	2	9	0	0
88	2	9	0	0
89	2	9	0	0
90	2	9	0	0
91	2	9	0	0
92	2	9	0	0
93	2	9	0	0
94	2	9	0	0
95	2	9	0	0
96	2	9	0	0
97	2	9	0	0
98	2	9	0	0
99	2	9	0	0
100	2	9	0	0
101	2	9	0	0
102	2	9	0	0
103	2	9	0	0
104	2	9	0	0
105	2	9	0	0
106	2	9	0	0
107	2	9	0	0
108	2	9	0	0
109	2	9	0	0
110	2	9	0	0
111	2	9	0	0
112	2	9	0	0
113	2	9	0	0
114	2	9	0	0
115	2	9	0	0
116	2	9	0	0
117	2	9	0	0
118	2	9	0	0
119	2	9	0	0
120	2	9	0	0
121	2	9	0	0
122	2	9	0	0
123	2	9	0	0
124	2	9	0	0
125	2	9	0	0
126	2	9	0	0
127	2	9	0	0
128	2	9	0	0
129	2	9	0	0
130	2	9	0	0
131	2	9	0	0
132	2	9	0	0
133	2	9	0	0
134	2	9	0	0
135	2	9	0	0
136	2	9	0	0
137	2	9	0	0
138	2	9	0	0
139	2	9	0	0
140	2	9	0	0
141	2	9	0	0
142	2	9	0	0
143	2	9	0	0
144	2	9	0	0
145	2	9	0	0
146	2	9	0	0
147	2	9	0	0
148	2	9	0	0
149	2	9	0	0
150	2	9	0	0
151	2	9	0	0
152	2	9	0	0
153	2	9	0	0
154	2	9	0	0
155	2	9	0	0
156	2	9	0	0
157	2	9	0	0
158	2	9	0	0
159	2	9	0	0
160	2	9	0	0
161	2	9	0	0
162	2	9	0	0
163	2	9	0	0
164	2	9	0	0
165	2	9	0	0
166	2	9	0	0
167	2	9	0	0
168	2	9	0	0
169	2	9	0	0
170	2	9	0	0
171	2	9	0	0
172	2	9	0	0
173	2	9	0	0
174	2	9	0	0
175	2	9	0	0
176	2	9	0	0
177	2	9	0	0
178	2	9	0	0
179	2	9	0	0
180	2	9	0	0
181	2	9	0	0
182	2	9	0	0
183	2	9	0	0
184	2	9	0	0
185	2	9	0	0
186	2	9	0	0
187	2	9	0	0
188	2	9	0	0
189	2	9	0	0
190	2	9	0	0
191	2	9	0	0
192	2	9	0	0
193	2	9	0	0
194	2	9	0	0
195	2	9	0	0
196	2	9	0	0
197	2	9	0	0
198	2	9	0	0
199	2	9	0	0
200	2	9	0	0
1	2	10	5	1
2	2	10	4	1
3	2	10	2400	2
4	2	10	25	2
5	2	10	99	2
6	2	10	15	2
7	2	10	5	2
8	2	10	10	2
9	2	10	-15	2
10	2	10	-14	2
11	2	10	-13	2
12	2	10	-8	2
13	2	10	4	2
14	2	10	2	2
15	2	10	1	2
16	2	10	11	2
17	2	10	-14	2
18	2	10	-17	2
19	2	10	2100	2
20	2	10	2200	2
21	2	10	2300	2
22	2	10	24	2
23	2	10	23	2
24	2	10	21	2
25	2	10	-17	2
26	2	10	22	2
27	2	10	6	2
28	2	10	-11	2
29	2	10	16	2
30	2	10	-21	2
31	2	10	-22	2
32	2	10	-24	2
33	2	10	-25	2
34	2	10	25	1
35	2	10	9	1
36	2	10	10	1
37	2	10	-5	1
38	2	10	15	1
39	2	10	20	1
40	2	10	-25	1
41	2	10	-20	1
42	2	10	-25	1
43	2	10	24	1
44	2	10	7	1
45	2	10	1	1
46	2	10	2	1
47	2	10	3	1
48	2	10	-4	1
49	2	10	-5	1
50	2	10	-9	1
51	2	10	13	1
52	2	10	11	1
53	2	10	2100	1
54	2	10	17	1
55	2	10	12	1
56	2	10	19	1
57	2	10	-13	1
58	2	10	1400	1
59	2	10	99	1
60	2	10	-13	1
61	2	10	-12	1
62	2	10	-8	1
63	2	10	-2	1
64	2	10	-3	1
65	2	10	-4	1
66	2	10	-9	1
67	2	10	-10	1
68	2	10	14	1
69	2	10	23	1
70	2	10	21	1
71	2	10	99	1
72	2	10	-19	1
73	2	10	-20	1
74	2	10	-24	1
75	2	10	-23	1
76	2	10	18	1
77	2	10	-11	1
78	2	10	-12	1
79	2	10	6	1
80	2	10	-1	1
81	2	10	-2	1
82	2	10	-3	1
83	2	10	-12	1
84	2	10	16	1
85	2	10	-21	1
86	2	10	22	1
87	2	10	-23	1
88	2	10	-24	1
89	2	10	-25	1
90	2	10	-24	1
91	2	10	-23	1
92	2	10	-22	1
93	2	10	-21	1
94	2	10	-12	2
95	2	10	-17	2
96	2	10	-22	2
97	2	10	-14	2
98	2	10	-10	2
99	2	10	-4	2
100	2	10	-5	2
101	2	10	-15	2
102	2	10	20	2
103	2	10	-25	2
104	2	10	-24	2
105	2	10	-19	2
106	2	10	-12	2
107	2	10	-6	2
108	2	10	-2	2
109	2	10	-1	2
110	2	10	-4	2
111	2	10	0	0
112	2	10	0	0
113	2	10	0	0
114	2	10	0	0
115	2	10	0	0
116	2	10	0	0
117	2	10	0	0
118	2	10	0	0
119	2	10	0	0
120	2	10	0	0
121	2	10	0	0
122	2	10	0	0
123	2	10	0	0
124	2	10	0	0
125	2	10	0	0
126	2	10	0	0
127	2	10	0	0
128	2	10	0	0
129	2	10	0	0
130	2	10	0	0
131	2	10	0	0
132	2	10	0	0
133	2	10	0	0
134	2	10	0	0
135	2	10	0	0
136	2	10	0	0
137	2	10	0	0
138	2	10	0	0
139	2	10	0	0
140	2	10	0	0
141	2	10	0	0
142	2	10	0	0
143	2	10	0	0
144	2	10	0	0
145	2	10	0	0
146	2	10	0	0
147	2	10	0	0
148	2	10	0	0
149	2	10	0	0
150	2	10	0	0
151	2	10	0	0
152	2	10	0	0
153	2	10	0	0
154	2	10	0	0
155	2	10	0	0
156	2	10	0	0
157	2	10	0	0
158	2	10	0	0
159	2	10	0	0
160	2	10	0	0
161	2	10	0	0
162	2	10	0	0
163	2	10	0	0
164	2	10	0	0
165	2	10	0	0
166	2	10	0	0
167	2	10	0	0
168	2	10	0	0
169	2	10	0	0
170	2	10	0	0
171	2	10	0	0
172	2	10	0	0
173	2	10	0	0
174	2	10	0	0
175	2	10	0	0
176	2	10	0	0
177	2	10	0	0
178	2	10	0	0
179	2	10	0	0
180	2	10	0	0
181	2	10	0	0
182	2	10	0	0
183	2	10	0	0
184	2	10	0	0
185	2	10	0	0
186	2	10	0	0
187	2	10	0	0
188	2	10	0	0
189	2	10	0	0
190	2	10	0	0
191	2	10	0	0
192	2	10	0	0
193	2	10	0	0
194	2	10	0	0
195	2	10	0	0
196	2	10	0	0
197	2	10	0	0
198	2	10	0	0
199	2	10	0	0
200	2	10	0	0
1	2	11	14	1
2	2	11	10	1
3	2	11	4	1
4	2	11	5	1
5	2	11	99	1
6	2	11	15	1
7	2	11	20	1
8	2	11	25	1
9	2	11	12	1
10	2	11	99	1
11	2	11	3	1
12	2	11	-4	1
13	2	11	-5	1
14	2	11	-10	1
15	2	11	9	1
16	2	11	800	1
17	2	11	-14	1
18	2	11	19	1
19	2	11	24	1
20	2	11	18	1
21	2	11	13	1
22	2	11	-3	1
23	2	11	700	1
24	2	11	2	1
25	2	11	7	1
26	2	11	8	1
27	2	11	-4	1
28	2	11	-5	1
29	2	11	-10	1
30	2	11	-15	1
31	2	11	-20	1
32	2	11	-19	1
33	2	11	23	1
34	2	11	-25	1
35	2	11	-24	1
36	2	11	22	1
37	2	11	21	1
38	2	11	6	1
39	2	11	1	1
40	2	11	-6	1
41	2	11	11	1
42	2	11	-2	1
43	2	11	-3	1
44	2	11	-7	1
45	2	11	-12	1
46	2	11	17	1
47	2	11	-22	1
48	2	11	-21	1
49	2	11	-22	1
50	2	11	-23	1
51	2	11	5	2
52	2	11	4	2
53	2	11	3	2
54	2	11	2	2
55	2	11	20	2
56	2	11	10	2
57	2	11	-2	2
58	2	11	-3	2
59	2	11	-7	2
60	2	11	6	2
61	2	11	1	2
62	2	11	11	2
63	2	11	-13	2
64	2	11	-17	2
65	2	11	2100	2
66	2	11	16	2
67	2	11	25	2
68	2	11	24	2
69	2	11	2100	2
70	2	11	2200	2
71	2	11	-18	2
72	2	11	-19	2
73	2	11	-13	2
74	2	11	-12	2
75	2	11	-16	2
76	2	11	22	2
77	2	11	21	2
78	2	11	-22	2
79	2	11	23	2
80	2	11	-21	2
81	2	11	-1	2
82	2	11	-2	2
83	2	11	-3	2
84	2	11	-4	2
85	2	11	-5	2
86	2	11	-10	2
87	2	11	15	2
88	2	11	-20	2
89	2	11	-25	2
90	2	11	-19	2
91	2	11	-24	2
92	2	11	-23	2
93	2	11	-22	2
94	2	11	-8	1
95	2	11	-13	1
96	2	11	-14	1
97	2	11	-19	1
98	2	11	-24	1
99	2	11	-23	1
100	2	11	-6	1
101	2	11	-1	1
102	2	11	-5	1
103	2	11	-10	1
104	2	11	-20	1
105	2	11	-25	1
106	2	11	999	1
107	2	11	-24	1
108	2	11	-23	1
109	2	11	-18	1
110	2	11	-14	1
111	2	11	-13	1
112	2	11	-19	1
113	2	11	0	0
114	2	11	0	0
115	2	11	0	0
116	2	11	0	0
117	2	11	0	0
118	2	11	0	0
119	2	11	0	0
120	2	11	0	0
121	2	11	0	0
122	2	11	0	0
123	2	11	0	0
124	2	11	0	0
125	2	11	0	0
126	2	11	0	0
127	2	11	0	0
128	2	11	0	0
129	2	11	0	0
130	2	11	0	0
131	2	11	0	0
132	2	11	0	0
133	2	11	0	0
134	2	11	0	0
135	2	11	0	0
136	2	11	0	0
137	2	11	0	0
138	2	11	0	0
139	2	11	0	0
140	2	11	0	0
141	2	11	0	0
142	2	11	0	0
143	2	11	0	0
144	2	11	0	0
145	2	11	0	0
146	2	11	0	0
147	2	11	0	0
148	2	11	0	0
149	2	11	0	0
150	2	11	0	0
151	2	11	0	0
152	2	11	0	0
153	2	11	0	0
154	2	11	0	0
155	2	11	0	0
156	2	11	0	0
157	2	11	0	0
158	2	11	0	0
159	2	11	0	0
160	2	11	0	0
161	2	11	0	0
162	2	11	0	0
163	2	11	0	0
164	2	11	0	0
165	2	11	0	0
166	2	11	0	0
167	2	11	0	0
168	2	11	0	0
169	2	11	0	0
170	2	11	0	0
171	2	11	0	0
172	2	11	0	0
173	2	11	0	0
174	2	11	0	0
175	2	11	0	0
176	2	11	0	0
177	2	11	0	0
178	2	11	0	0
179	2	11	0	0
180	2	11	0	0
181	2	11	0	0
182	2	11	0	0
183	2	11	0	0
184	2	11	0	0
185	2	11	0	0
186	2	11	0	0
187	2	11	0	0
188	2	11	0	0
189	2	11	0	0
190	2	11	0	0
191	2	11	0	0
192	2	11	0	0
193	2	11	0	0
194	2	11	0	0
195	2	11	0	0
196	2	11	0	0
197	2	11	0	0
198	2	11	0	0
199	2	11	0	0
200	2	11	0	0
1	2	12	16	1
2	2	12	14	1
3	2	12	4	1
4	2	12	3	1
5	2	12	10	1
6	2	12	5	1
7	2	12	15	1
8	2	12	25	1
9	2	12	18	1
10	2	12	13	1
11	2	12	8	1
12	2	12	99	1
13	2	12	17	1
14	2	12	99	1
15	2	12	6	1
16	2	12	2	1
17	2	12	1	1
18	2	12	-3	1
19	2	12	-8	1
20	2	12	-13	1
21	2	12	-18	1
22	2	12	22	1
23	2	12	23	1
24	2	12	99	1
25	2	12	24	1
26	2	12	11	1
27	2	12	-16	1
28	2	12	21	1
29	2	12	12	1
30	2	12	4	2
31	2	12	10	2
32	2	12	5	2
33	2	12	2	2
34	2	12	1	2
35	2	12	-2	2
36	2	12	3	2
37	2	12	-13	2
38	2	12	-14	2
39	2	12	15	2
40	2	12	20	2
41	2	12	25	2
42	2	12	-19	2
43	2	12	-18	2
44	2	12	-17	2
45	2	12	11	2
46	2	12	-7	2
47	2	12	16	2
48	2	12	21	2
49	2	12	22	2
50	2	12	23	2
51	2	12	-7	2
52	2	12	-11	2
53	2	12	6	2
54	2	12	-4	2
55	2	12	-5	2
56	2	12	-3	2
57	2	12	-2	2
58	2	12	-1	2
59	2	12	-11	2
60	2	12	-21	2
61	2	12	-22	2
62	2	12	24	2
63	2	12	19	1
64	2	12	9	1
65	2	12	-15	1
66	2	12	20	1
67	2	12	-19	1
68	2	12	-24	1
69	2	12	99	1
70	2	12	-23	1
71	2	12	-24	1
72	2	12	-20	1
73	2	12	-19	1
74	2	12	-14	1
75	2	12	-15	1
76	2	12	-9	1
77	2	12	-4	1
78	2	12	-5	1
79	2	12	-4	1
80	2	12	-3	1
81	2	12	7	1
82	2	12	-6	1
83	2	12	-11	1
84	2	12	-7	1
85	2	12	-1	1
86	2	12	-2	1
87	2	12	999	1
88	2	12	-25	1
89	2	12	-24	1
90	2	12	-20	1
91	2	12	-21	1
92	2	12	-16	1
93	2	12	-22	1
94	2	12	0	0
95	2	12	0	0
96	2	12	0	0
97	2	12	0	0
98	2	12	0	0
99	2	12	0	0
100	2	12	0	0
101	2	12	0	0
102	2	12	0	0
103	2	12	0	0
104	2	12	0	0
105	2	12	0	0
106	2	12	0	0
107	2	12	0	0
108	2	12	0	0
109	2	12	0	0
110	2	12	0	0
111	2	12	0	0
112	2	12	0	0
113	2	12	0	0
114	2	12	0	0
115	2	12	0	0
116	2	12	0	0
117	2	12	0	0
118	2	12	0	0
119	2	12	0	0
120	2	12	0	0
121	2	12	0	0
122	2	12	0	0
123	2	12	0	0
124	2	12	0	0
125	2	12	0	0
126	2	12	0	0
127	2	12	0	0
128	2	12	0	0
129	2	12	0	0
130	2	12	0	0
131	2	12	0	0
132	2	12	0	0
133	2	12	0	0
134	2	12	0	0
135	2	12	0	0
136	2	12	0	0
137	2	12	0	0
138	2	12	0	0
139	2	12	0	0
140	2	12	0	0
141	2	12	0	0
142	2	12	0	0
143	2	12	0	0
144	2	12	0	0
145	2	12	0	0
146	2	12	0	0
147	2	12	0	0
148	2	12	0	0
149	2	12	0	0
150	2	12	0	0
151	2	12	0	0
152	2	12	0	0
153	2	12	0	0
154	2	12	0	0
155	2	12	0	0
156	2	12	0	0
157	2	12	0	0
158	2	12	0	0
159	2	12	0	0
160	2	12	0	0
161	2	12	0	0
162	2	12	0	0
163	2	12	0	0
164	2	12	0	0
165	2	12	0	0
166	2	12	0	0
167	2	12	0	0
168	2	12	0	0
169	2	12	0	0
170	2	12	0	0
171	2	12	0	0
172	2	12	0	0
173	2	12	0	0
174	2	12	0	0
175	2	12	0	0
176	2	12	0	0
177	2	12	0	0
178	2	12	0	0
179	2	12	0	0
180	2	12	0	0
181	2	12	0	0
182	2	12	0	0
183	2	12	0	0
184	2	12	0	0
185	2	12	0	0
186	2	12	0	0
187	2	12	0	0
188	2	12	0	0
189	2	12	0	0
190	2	12	0	0
191	2	12	0	0
192	2	12	0	0
193	2	12	0	0
194	2	12	0	0
195	2	12	0	0
196	2	12	0	0
197	2	12	0	0
198	2	12	0	0
199	2	12	0	0
200	2	12	0	0
1	2	13	-18	2
2	2	13	-19	2
3	2	13	20	2
4	2	13	25	2
5	2	13	99	2
6	2	13	5	2
7	2	13	99	2
8	2	13	300	2
9	2	13	4	2
10	2	13	3	2
11	2	13	10	2
12	2	13	99	2
13	2	13	-20	2
14	2	13	-25	2
15	2	13	-19	2
16	2	13	24	2
17	2	13	-17	2
18	2	13	22	2
19	2	13	-3	2
20	2	13	2	2
21	2	13	1	2
22	2	13	11	2
23	2	13	-2	2
24	2	13	-3	2
25	2	13	-7	2
26	2	13	-22	2
27	2	13	21	2
28	2	13	10	1
29	2	13	4	1
30	2	13	2	1
31	2	13	3	1
32	2	13	1	1
33	2	13	6	1
34	2	13	-2	1
35	2	13	-3	1
36	2	13	-4	1
37	2	13	5	1
38	2	13	15	1
39	2	13	2500	1
40	2	13	19	1
41	2	13	14	1
42	2	13	-15	1
43	2	13	20	1
44	2	13	25	1
45	2	13	1700	1
46	2	13	1100	1
47	2	13	12	1
48	2	13	17	1
49	2	13	11	1
50	2	13	1600	1
51	2	13	-11	1
52	2	13	-6	1
53	2	13	7	1
54	2	13	-17	1
55	2	13	18	1
56	2	13	24	1
57	2	13	23	1
58	2	13	21	1
59	2	13	-20	1
60	2	13	-19	1
61	2	13	-18	1
62	2	13	-13	1
63	2	13	-5	1
64	2	13	-4	1
65	2	13	-3	1
66	2	13	-2	1
67	2	13	-11	1
68	2	13	-12	1
69	2	13	16	1
70	2	13	-17	1
71	2	13	-23	1
72	2	13	-24	1
73	2	13	-20	2
74	2	13	15	2
75	2	13	-5	2
76	2	13	-10	2
77	2	13	-8	2
78	2	13	-13	2
79	2	13	-17	2
80	2	13	-22	2
81	2	13	23	2
82	2	13	99	2
83	2	13	-20	2
84	2	13	-25	2
85	2	13	-1	2
86	2	13	6	2
87	2	13	99	2
88	2	13	-3	2
89	2	13	-8	2
90	2	13	-9	2
91	2	13	-14	2
92	2	13	-19	2
93	2	13	-24	2
94	2	13	999	2
95	2	13	-15	2
96	2	13	-10	2
97	2	13	-5	2
98	2	13	-4	2
99	2	13	-2	2
100	2	13	-7	2
101	2	13	-12	2
102	2	13	-17	2
103	2	13	-23	2
104	2	13	999	2
105	2	13	-15	2
106	2	13	-20	2
107	2	13	-25	2
108	2	13	99	2
109	2	13	-10	2
110	2	13	-5	2
111	2	13	-13	2
112	2	13	-18	2
113	2	13	-24	2
114	2	13	99	2
115	2	13	-2	2
116	2	13	-6	2
117	2	13	0	0
118	2	13	0	0
119	2	13	0	0
120	2	13	0	0
121	2	13	0	0
122	2	13	0	0
123	2	13	0	0
124	2	13	0	0
125	2	13	0	0
126	2	13	0	0
127	2	13	0	0
128	2	13	0	0
129	2	13	0	0
130	2	13	0	0
131	2	13	0	0
132	2	13	0	0
133	2	13	0	0
134	2	13	0	0
135	2	13	0	0
136	2	13	0	0
137	2	13	0	0
138	2	13	0	0
139	2	13	0	0
140	2	13	0	0
141	2	13	0	0
142	2	13	0	0
143	2	13	0	0
144	2	13	0	0
145	2	13	0	0
146	2	13	0	0
147	2	13	0	0
148	2	13	0	0
149	2	13	0	0
150	2	13	0	0
151	2	13	0	0
152	2	13	0	0
153	2	13	0	0
154	2	13	0	0
155	2	13	0	0
156	2	13	0	0
157	2	13	0	0
158	2	13	0	0
159	2	13	0	0
160	2	13	0	0
161	2	13	0	0
162	2	13	0	0
163	2	13	0	0
164	2	13	0	0
165	2	13	0	0
166	2	13	0	0
167	2	13	0	0
168	2	13	0	0
169	2	13	0	0
170	2	13	0	0
171	2	13	0	0
172	2	13	0	0
173	2	13	0	0
174	2	13	0	0
175	2	13	0	0
176	2	13	0	0
177	2	13	0	0
178	2	13	0	0
179	2	13	0	0
180	2	13	0	0
181	2	13	0	0
182	2	13	0	0
183	2	13	0	0
184	2	13	0	0
185	2	13	0	0
186	2	13	0	0
187	2	13	0	0
188	2	13	0	0
189	2	13	0	0
190	2	13	0	0
191	2	13	0	0
192	2	13	0	0
193	2	13	0	0
194	2	13	0	0
195	2	13	0	0
196	2	13	0	0
197	2	13	0	0
198	2	13	0	0
199	2	13	0	0
200	2	13	0	0
1	2	14	15	2
2	2	14	10	2
3	2	14	99	2
4	2	14	5	2
5	2	14	-5	2
6	2	14	4	2
7	2	14	20	2
8	2	14	25	2
9	2	14	-13	2
10	2	14	-14	2
11	2	14	-15	2
12	2	14	-20	2
13	2	14	23	2
14	2	14	11	2
15	2	14	600	2
16	2	14	99	2
17	2	14	200	2
18	2	14	300	2
19	2	14	400	2
20	2	14	3	2
21	2	14	2	2
22	2	14	1	2
23	2	14	6	2
24	2	14	-11	2
25	2	14	16	2
26	2	14	22	2
27	2	14	21	2
28	2	14	5	1
29	2	14	3	1
30	2	14	4	1
31	2	14	15	1
32	2	14	-5	1
33	2	14	10	1
34	2	14	2500	1
35	2	14	19	1
36	2	14	14	1
37	2	14	23	1
38	2	14	25	1
39	2	14	20	1
40	2	14	8	1
41	2	14	1	1
42	2	14	6	1
43	2	14	2	1
44	2	14	11	1
45	2	14	21	1
46	2	14	12	1
47	2	14	-11	1
48	2	14	16	1
49	2	14	-15	1
50	2	14	-14	1
51	2	14	9	1
52	2	14	-4	1
53	2	14	-3	1
54	2	14	-2	1
55	2	14	-3	1
56	2	14	-4	1
57	2	14	-5	1
58	2	14	-10	1
59	2	14	-9	1
60	2	14	1300	1
61	2	14	18	1
62	2	14	-19	1
63	2	14	24	1
64	2	14	-25	1
65	2	14	-24	1
66	2	14	-18	1
67	2	14	-23	1
68	2	14	2200	1
69	2	14	-21	1
70	2	14	16	1
71	2	14	22	1
72	2	14	7	1
73	2	14	-11	1
74	2	14	-12	1
75	2	14	-16	1
76	2	14	17	1
77	2	14	-22	1
78	2	14	-23	1
79	2	14	-24	1
80	2	14	-25	1
81	2	14	-19	1
82	2	14	-20	1
83	2	14	-9	1
84	2	14	-8	1
85	2	14	-2	1
86	2	14	-19	2
87	2	14	-18	2
88	2	14	-17	2
89	2	14	-16	2
90	2	14	-21	2
91	2	14	-22	2
92	2	14	-7	2
93	2	14	-6	2
94	2	14	-9	2
95	2	14	-15	2
96	2	14	-14	2
97	2	14	999	2
98	2	14	-10	2
99	2	14	-14	2
100	2	14	-15	2
101	2	14	-20	2
102	2	14	-25	2
103	2	14	24	2
104	2	14	-25	2
105	2	14	-20	2
106	2	14	-25	2
107	2	14	-13	2
108	2	14	-8	2
109	2	14	-9	2
110	2	14	-4	2
111	2	14	-5	2
112	2	14	-10	2
113	2	14	-22	2
114	2	14	-9	1
115	2	14	-10	1
116	2	14	-5	1
117	2	14	-4	1
118	2	14	-8	1
119	2	14	-7	1
120	2	14	-17	1
121	2	14	-18	1
122	2	14	-22	1
123	2	14	-21	1
124	2	14	-11	1
125	2	14	-6	1
126	2	14	-1	1
127	2	14	-2	1
128	2	14	-9	1
129	2	14	-10	1
130	2	14	-14	1
131	2	14	-15	1
132	2	14	-20	1
133	2	14	-25	1
134	2	14	-24	1
135	2	14	-23	1
136	2	14	0	0
137	2	14	0	0
138	2	14	0	0
139	2	14	0	0
140	2	14	0	0
141	2	14	0	0
142	2	14	0	0
143	2	14	0	0
144	2	14	0	0
145	2	14	0	0
146	2	14	0	0
147	2	14	0	0
148	2	14	0	0
149	2	14	0	0
150	2	14	0	0
151	2	14	0	0
152	2	14	0	0
153	2	14	0	0
154	2	14	0	0
155	2	14	0	0
156	2	14	0	0
157	2	14	0	0
158	2	14	0	0
159	2	14	0	0
160	2	14	0	0
161	2	14	0	0
162	2	14	0	0
163	2	14	0	0
164	2	14	0	0
165	2	14	0	0
166	2	14	0	0
167	2	14	0	0
168	2	14	0	0
169	2	14	0	0
170	2	14	0	0
171	2	14	0	0
172	2	14	0	0
173	2	14	0	0
174	2	14	0	0
175	2	14	0	0
176	2	14	0	0
177	2	14	0	0
178	2	14	0	0
179	2	14	0	0
180	2	14	0	0
181	2	14	0	0
182	2	14	0	0
183	2	14	0	0
184	2	14	0	0
185	2	14	0	0
186	2	14	0	0
187	2	14	0	0
188	2	14	0	0
189	2	14	0	0
190	2	14	0	0
191	2	14	0	0
192	2	14	0	0
193	2	14	0	0
194	2	14	0	0
195	2	14	0	0
196	2	14	0	0
197	2	14	0	0
198	2	14	0	0
199	2	14	0	0
200	2	14	0	0
1	2	15	14	1
2	2	15	10	1
3	2	15	20	1
4	2	15	15	1
5	2	15	99	1
6	2	15	5	1
7	2	15	-5	1
8	2	15	4	1
9	2	15	7	1
10	2	15	13	1
11	2	15	17	1
12	2	15	99	1
13	2	15	-7	1
14	2	15	2	1
15	2	15	-15	1
16	2	15	-20	1
17	2	15	-25	1
18	2	15	-7	1
19	2	15	8	1
20	2	15	3	1
21	2	15	-2	1
22	2	15	1	1
23	2	15	6	1
24	2	15	11	1
25	2	15	21	1
26	2	15	16	1
27	2	15	-17	1
28	2	15	22	1
29	2	15	19	1
30	2	15	9	1
31	2	15	-9	2
32	2	15	10	2
33	2	15	5	2
34	2	15	-7	2
35	2	15	-8	2
36	2	15	-9	2
37	2	15	-10	2
38	2	15	2000	2
39	2	15	-19	2
40	2	15	15	2
41	2	15	20	2
42	2	15	25	2
43	2	15	100	2
44	2	15	2	2
45	2	15	3	2
46	2	15	4	2
47	2	15	-2	2
48	2	15	1	2
49	2	15	-17	2
50	2	15	-18	2
51	2	15	-19	2
52	2	15	99	2
53	2	15	6	2
54	2	15	16	2
55	2	15	21	2
56	2	15	22	2
57	2	15	-14	2
58	2	15	-20	2
59	2	15	-19	2
60	2	15	-18	2
61	2	15	-12	2
62	2	15	-6	2
63	2	15	-7	2
64	2	15	-2	2
65	2	15	-25	1
66	2	15	24	1
67	2	15	-14	1
68	2	15	-10	1
69	2	15	-14	1
70	2	15	1800	1
71	2	15	-19	1
72	2	15	-24	1
73	2	15	23	1
74	2	15	18	1
75	2	15	-8	1
76	2	15	-14	1
77	2	15	-13	1
78	2	15	-17	1
79	2	15	-21	1
80	2	15	-22	1
81	2	15	-11	1
82	2	15	-16	1
83	2	15	12	1
84	2	15	-1	1
85	2	15	-6	1
86	2	15	-13	1
87	2	15	999	1
88	2	15	-12	1
89	2	15	-11	1
90	2	15	-12	1
91	2	15	-9	1
92	2	15	-15	1
93	2	15	-19	1
94	2	15	-24	1
95	2	15	-25	1
96	2	15	0	0
97	2	15	0	0
98	2	15	0	0
99	2	15	0	0
100	2	15	0	0
101	2	15	0	0
102	2	15	0	0
103	2	15	0	0
104	2	15	0	0
105	2	15	0	0
106	2	15	0	0
107	2	15	0	0
108	2	15	0	0
109	2	15	0	0
110	2	15	0	0
111	2	15	0	0
112	2	15	0	0
113	2	15	0	0
114	2	15	0	0
115	2	15	0	0
116	2	15	0	0
117	2	15	0	0
118	2	15	0	0
119	2	15	0	0
120	2	15	0	0
121	2	15	0	0
122	2	15	0	0
123	2	15	0	0
124	2	15	0	0
125	2	15	0	0
126	2	15	0	0
127	2	15	0	0
128	2	15	0	0
129	2	15	0	0
130	2	15	0	0
131	2	15	0	0
132	2	15	0	0
133	2	15	0	0
134	2	15	0	0
135	2	15	0	0
136	2	15	0	0
137	2	15	0	0
138	2	15	0	0
139	2	15	0	0
140	2	15	0	0
141	2	15	0	0
142	2	15	0	0
143	2	15	0	0
144	2	15	0	0
145	2	15	0	0
146	2	15	0	0
147	2	15	0	0
148	2	15	0	0
149	2	15	0	0
150	2	15	0	0
151	2	15	0	0
152	2	15	0	0
153	2	15	0	0
154	2	15	0	0
155	2	15	0	0
156	2	15	0	0
157	2	15	0	0
158	2	15	0	0
159	2	15	0	0
160	2	15	0	0
161	2	15	0	0
162	2	15	0	0
163	2	15	0	0
164	2	15	0	0
165	2	15	0	0
166	2	15	0	0
167	2	15	0	0
168	2	15	0	0
169	2	15	0	0
170	2	15	0	0
171	2	15	0	0
172	2	15	0	0
173	2	15	0	0
174	2	15	0	0
175	2	15	0	0
176	2	15	0	0
177	2	15	0	0
178	2	15	0	0
179	2	15	0	0
180	2	15	0	0
181	2	15	0	0
182	2	15	0	0
183	2	15	0	0
184	2	15	0	0
185	2	15	0	0
186	2	15	0	0
187	2	15	0	0
188	2	15	0	0
189	2	15	0	0
190	2	15	0	0
191	2	15	0	0
192	2	15	0	0
193	2	15	0	0
194	2	15	0	0
195	2	15	0	0
196	2	15	0	0
197	2	15	0	0
198	2	15	0	0
199	2	15	0	0
200	2	15	0	0
1	2	16	-14	2
2	2	16	15	2
3	2	16	10	2
4	2	16	-25	2
5	2	16	99	2
6	2	16	-15	2
7	2	16	20	2
8	2	16	-25	2
9	2	16	-18	2
10	2	16	22	2
11	2	16	11	2
12	2	16	3	2
13	2	16	2	2
14	2	16	6	2
15	2	16	1	2
16	2	16	-10	2
17	2	16	5	2
18	2	16	4	2
19	2	16	-19	2
20	2	16	2400	2
21	2	16	999	2
22	2	16	-18	2
23	2	16	-19	2
24	2	16	24	2
25	2	16	-6	2
26	2	16	-7	2
27	2	16	-8	2
28	2	16	12	2
29	2	16	16	2
30	2	16	21	2
31	2	16	-6	2
32	2	16	-2	2
33	2	16	-1	2
34	2	16	13	1
35	2	16	14	1
36	2	16	10	1
37	2	16	15	1
38	2	16	7	1
39	2	16	1	1
40	2	16	2	1
41	2	16	3	1
42	2	16	-5	2
43	2	16	-10	2
44	2	16	-9	2
45	2	16	-7	2
46	2	16	-17	2
47	2	16	-21	2
48	2	16	-22	2
49	2	16	-25	2
50	2	16	-24	2
51	2	16	8	1
52	2	16	4	1
53	2	16	5	1
54	2	16	-3	1
55	2	16	-2	1
56	2	16	-3	1
57	2	16	-7	1
58	2	16	-13	1
59	2	16	-14	1
60	2	16	-15	1
61	2	16	2000	1
62	2	16	19	1
63	2	16	20	1
64	2	16	12	1
65	2	16	18	1
66	2	16	17	1
67	2	16	16	1
68	2	16	99	1
69	2	16	-3	1
70	2	16	-4	1
71	2	16	-7	1
72	2	16	-1	1
73	2	16	-6	1
74	2	16	99	1
75	2	16	-16	1
76	2	16	-17	1
77	2	16	23	1
78	2	16	22	1
79	2	16	21	1
80	2	16	2500	1
81	2	16	24	1
82	2	16	25	1
83	2	16	-24	1
84	2	16	-23	1
85	2	16	-22	1
86	2	16	-21	1
87	2	16	-12	2
88	2	16	-17	2
89	2	16	-13	2
90	2	16	-4	2
91	2	16	0	0
92	2	16	0	0
93	2	16	0	0
94	2	16	0	0
95	2	16	0	0
96	2	16	0	0
97	2	16	0	0
98	2	16	0	0
99	2	16	0	0
100	2	16	0	0
101	2	16	0	0
102	2	16	0	0
103	2	16	0	0
104	2	16	0	0
105	2	16	0	0
106	2	16	0	0
107	2	16	0	0
108	2	16	0	0
109	2	16	0	0
110	2	16	0	0
111	2	16	0	0
112	2	16	0	0
113	2	16	0	0
114	2	16	0	0
115	2	16	0	0
116	2	16	0	0
117	2	16	0	0
118	2	16	0	0
119	2	16	0	0
120	2	16	0	0
121	2	16	0	0
122	2	16	0	0
123	2	16	0	0
124	2	16	0	0
125	2	16	0	0
126	2	16	0	0
127	2	16	0	0
128	2	16	0	0
129	2	16	0	0
130	2	16	0	0
131	2	16	0	0
132	2	16	0	0
133	2	16	0	0
134	2	16	0	0
135	2	16	0	0
136	2	16	0	0
137	2	16	0	0
138	2	16	0	0
139	2	16	0	0
140	2	16	0	0
141	2	16	0	0
142	2	16	0	0
143	2	16	0	0
144	2	16	0	0
145	2	16	0	0
146	2	16	0	0
147	2	16	0	0
148	2	16	0	0
149	2	16	0	0
150	2	16	0	0
151	2	16	0	0
152	2	16	0	0
153	2	16	0	0
154	2	16	0	0
155	2	16	0	0
156	2	16	0	0
157	2	16	0	0
158	2	16	0	0
159	2	16	0	0
160	2	16	0	0
161	2	16	0	0
162	2	16	0	0
163	2	16	0	0
164	2	16	0	0
165	2	16	0	0
166	2	16	0	0
167	2	16	0	0
168	2	16	0	0
169	2	16	0	0
170	2	16	0	0
171	2	16	0	0
172	2	16	0	0
173	2	16	0	0
174	2	16	0	0
175	2	16	0	0
176	2	16	0	0
177	2	16	0	0
178	2	16	0	0
179	2	16	0	0
180	2	16	0	0
181	2	16	0	0
182	2	16	0	0
183	2	16	0	0
184	2	16	0	0
185	2	16	0	0
186	2	16	0	0
187	2	16	0	0
188	2	16	0	0
189	2	16	0	0
190	2	16	0	0
191	2	16	0	0
192	2	16	0	0
193	2	16	0	0
194	2	16	0	0
195	2	16	0	0
196	2	16	0	0
197	2	16	0	0
198	2	16	0	0
199	2	16	0	0
200	2	16	0	0
